tree
version=v4
num_class=1
num_tree_per_iteration=1
label_index=0
max_feature_idx=29
objective=binary sigmoid:1
feature_names=hl_ratio BBL_20_2.0_2.0 hv_node_dist vwap_dist ATRr_14 rs_vs_spy_20 EMA_9 vol_ratio DMN_14 BBU_20_2.0_2.0 ret_20 OBV DMP_14 EMA_21 gap ADXR_14_2 ret_1 ret_3 ret_6 close_pos vol_ratio_5 BBM_20_2.0_2.0 BBB_20_2.0_2.0 BBP_20_2.0_2.0 ADX_14 EMA_50 price_to_ema21 ema_cross orb_break_up orb_break_down
feature_infos=[0:0.87956232223941533] [-2477.251734179049:61303.307861734844] [-0.95547386937886558:39998.995743943262] [-0.33333335250321394:170602493286.13281] [0.00033771036368956611:3207.8173560580972] [-0.92505318999567487:39999.005987907432] [0.011922079075118042:63200.070475606422] [0:10.467268154343737] [0.0019639259996010634:77.264719273059313] [0.015000000596046448:66696.942919515161] [-0.90333333333333332:39998.998410542867] [-221680928:1229770282] [1.2810167990344759:99.997996338484953] [0.01252027131567103:64381.262398698782] [-0.33333335250322349:39998.995743943262] [4.9453728378774429:88.75607376317322] [-0.33333337472544611:39998.998410542867] [-0.56123247047399549:39998.998410542867] [-0.87864686065774544:39998.998410542867] [0:0.99999999999972156] [0:4.9999999999974962] [0.013000000268220901:64000.125390625006] [1.4802973073451453e-12:1788.0230889649094] [-0.52166713541694865:1.5621322891898028] [4.7000109825154377:88.209934328972025] [0.013546019858615335:66776.449967474124] [0.17911113489049926:10.997372041172053] [0:1] [0:1] [0:1]
tree_sizes=6735

Tree=0
num_leaves=63
num_cat=0
split_feature=22 22 0 0 1 22 25 9 22 24 0 22 22 8 0 4 18 1 4 15 3 3 4 9 1 4 4 8 9 22 8 22 15 4 9 24 11 8 1 11 0 1 7 3 3 4 8 11 24 5 12 11 0 11 3 26 1 4 1 4 4 9
split_gain=836707 103008 82536.3 37964.3 37191.6 19785.1 16112.2 16099.9 12638.4 12310.1 10083.2 8992.79 6291.32 6278.03 5880.59 5712.45 5486.41 5107.28 8295.36 4290.21 3958.01 3759.48 3680.76 3416.56 3399.89 5048.4 3079.38 2980.65 2943.87 2901.02 2767.37 2727.7 2659.11 2494.93 2485.88 2631.69 2394.19 2314.34 2312.09 2286.27 2266.03 2954.88 2126.87 2097.32 2095.51 2036.38 2004.21 2002.74 1986.72 2603.2 2211.14 2215.64 1957.68 1892.17 1951.49 1886.72 1879.26 2704.13 1878.71 2744.3 1870.5 2136.79
threshold=8.0122500358882949 4.5576662539806074 0.020467836380524337 0.013393287413567543 4.9507447625314258 10.740335815896964 14.391071404185025 3.1467056866960141 16.013193006064689 28.307454074265973 0.0074627387930078443 20.664299595050235 18.587162700585989 28.616782569831212 0.010175775137308359 5.0026072272129083 0.014332018949338667 3.4448612256608944 0.15262096226601049 18.081276885150984 -0.015515568448005151 -0.028448551737807717 0.30954356849393255 37.242913870265262 2.5204804391911773 0.085621728045145715 0.057776529374003051 21.648902325768429 3.9757999318587776 3.7624013081530667 27.098212675181571 29.959065864888796 24.97054649396317 0.59982459116480979 24.983394321281668 25.076078091293738 21054301.000000004 40.115829041262295 10.666584406229266 771544.50000000012 0.034778763052631917 15.546825817878849 0.46093947888636116 0.010333726138510942 -0.030709181355787995 0.16812785315465226 22.440515886426208 12544457.500000002 33.663009423451662 0.01823898878300401 17.090956635503343 -2601519.9999999995 0.009523827688642671 -5373426.9999999991 0.0084931149165795774 0.94375741861550999 8.239885337098368 0.098353016542925567 17.902646321332565 0.58860140789362148 0.41879709676327426 13.1887171485289
decision_type=2 2 2 2 2 2 2 2 2 2 2 2 2 2 2 2 2 2 2 2 2 2 2 2 2 2 2 2 2 2 2 2 2 2 2 2 2 2 2 2 2 2 2 2 2 2 2 2 2 2 2 2 2 2 2 2 2 2 2 2 2 2
left_child=1 7 4 6 12 14 17 -1 21 22 16 23 24 28 20 19 26 -3 30 53 -6 -4 38 33 -2 39 -9 -18 -5 -12 43 44 47 52 37 -36 40 60 45 -26 41 -23 -24 -19 -10 -7 -31 -22 49 -21 -51 -52 -11 -8 -55 -34 57 -32 -44 -60 61 -16
right_child=2 3 8 13 5 9 15 10 31 11 29 -13 -14 -15 34 -17 27 18 -20 48 32 36 42 -25 25 -27 -28 -29 -30 46 56 -33 55 -35 35 -37 -38 -39 -40 -41 -42 -43 58 -45 -46 -47 -48 -49 -50 50 51 -53 -54 54 -56 -57 -58 -59 59 -61 -62 -63
leaf_value=-2.6462056719022278 -2.2850479361978557 -2.5726607559172523 -2.129461755456612 -2.4059145037559579 -2.3910110481726106 -2.6337498830745951 -2.3884882940100285 -3.2376482304966219 -2.07320520478976 -2.7885648119408435 -3.0351768433032751 -2.360770992108288 -2.1571379620735018 -2.7576737734659225 -2.4784285621088684 -2.424004314624701 -3.0547326875587886 -2.8411362827867674 -2.5547934010300488 -3.0193959710921559 -2.7671573415531778 -2.3222628030985351 -2.1977255284443977 -2.851739921679322 -2.4910856263456442 -2.3090190379206499 -3.1254363631668873 -2.7338954960827313 -2.5632548225076865 -2.8004549297871746 -3.044708646401912 -2.0790424395055256 -1.9366362331301945 -2.3102756157567583 -2.5643855875255808 -2.9140271331374064 -2.1876624342538653 -3.2406347396076964 -2.7894457300164679 -2.7898526361333267 -2.2492526131268296 -2.5223213460399023 -2.2188792069162835 -2.5095574446292441 -2.1893768922777346 -2.3212132438944191 -2.9859499172433037 -2.2720057633795534 -3.0959693936088679 -2.2143816270662713 -2.5557830369162993 -2.9283894461660909 -2.5760936641675554 -2.890273403905451 -2.5458626299569072 -2.9506117377092935 -3.1978661423254944 -2.6299849110647182 -2.8165233885385277 -2.368085539475957 -2.2817152205610438 -2.7380013308121818
leaf_weight=214.20964526385069 1072.3494335375726 401.21992012113333 405.98597161844373 446.01266864687204 51.383732490241528 75.932387810200453 25.615806240588427 812.11197225004435 496.53170144185424 160.95163530483842 932.5755202844739 340.4327166415751 621.17664736881852 318.89040393009782 251.38211969286203 50.489738579839468 189.17492720112205 370.33476735278964 279.37220136076212 723.53985768556595 217.70551690086722 913.77074901759624 408.14114124700427 193.33447109162807 229.74073754623532 410.03744193166494 2473.8380506262183 117.26308148726821 891.5522235520184 292.02868182957172 123.79054594784975 1614.0074177384377 4.6498899199068537 62.56628629937768 107.59554212540388 107.67663234472275 426.1225689612329 11.256880670785902 51.067529685795307 88.776298932731152 715.59046085178852 231.28973799571395 131.74245192110538 54.73944690451026 1778.790839843452 166.19029290229082 290.45344495028257 22.53537605702877 393.98810411989689 12.998341988772152 46.039072886109352 299.05053631961346 332.12328078970313 259.59412011131644 48.87259691208601 342.87132857367396 85.06404085457325 57.591119360178709 42.890501484274864 166.77889136597514 72.08459422364831 115.80828947201371
leaf_count=3191 8548 5411 2025 4589 514 1113 255 21308 1941 2837 20848 3208 3428 5432 2936 537 4300 6901 3672 15956 3748 7936 2570 3642 2739 3457 59585 1944 11863 5214 2790 6490 6 529 1434 2157 2601 296 901 1567 5213 2896 883 672 10916 1440 6219 174 9267 86 606 6073 4501 5082 634 7109 2167 840 779 1595 570 1929
internal_value=-2.58321 -2.91865 -2.30791 -2.75295 -2.44441 -2.55016 -2.8527 -3.07087 -2.18641 -2.45631 -3.08868 -2.57385 -2.29435 -2.55832 -2.7035 -2.94858 -3.1343 -2.72272 -2.78473 -2.96321 -2.81183 -2.26968 -2.33351 -2.6707 -2.34167 -2.42502 -3.15317 -2.93196 -2.51079 -2.9805 -2.87763 -2.12876 -2.84862 -2.60771 -2.5995 -2.73927 -2.29457 -2.53272 -2.48371 -2.57436 -2.31905 -2.36267 -2.27476 -2.79844 -2.16403 -2.41923 -2.89295 -2.72071 -2.99984 -2.96483 -2.85457 -2.87868 -2.64545 -2.80142 -2.83571 -2.93704 -3.00396 -2.91303 -2.36685 -2.45982 -2.51458 -2.5603
internal_weight=22651.7 10210.4 12441.3 4888.76 5859.18 3437.1 3232.3 5321.66 6582.09 2132.15 5107.45 1089.41 2422.08 1656.46 1304.95 1860.19 3592.39 1372.11 970.892 1809.7 639.146 2692.76 1042.74 748.976 1800.9 728.554 3285.95 306.438 1337.56 1515.06 691.52 3889.33 587.762 555.641 665.804 215.272 2286.77 450.532 293.19 318.517 1860.65 1145.06 749.553 425.074 2275.32 242.123 582.482 240.241 1475.62 1081.63 358.088 345.09 493.075 334.083 308.467 347.521 266.446 181.382 341.412 209.669 439.275 367.19
internal_count=310070 205442 104628 82833 64610 44871 60949 122609 40018 23998 119418 14717 19739 21884 20873 38496 87137 22453 17042 37959 11551 20671 9281 11509 16311 7763 80893 6244 16452 32281 13370 19347 11037 7867 9322 3591 18646 5731 3454 4306 16045 10832 5827 7573 12857 2553 11433 3922 31988 22721 6765 6679 7338 5971 5716 7115 5797 3630 3257 2374 5435 4865
is_linear=0
shrinkage=1


end of trees

feature_importances:
ATRr_14=10
BBB_20_2.0_2.0=8
BBL_20_2.0_2.0=7
hl_ratio=6
vwap_dist=5
DMN_14=5
BBU_20_2.0_2.0=5
OBV=5
ADX_14=3
ADXR_14_2=2
rs_vs_spy_20=1
vol_ratio=1
DMP_14=1
ret_6=1
EMA_50=1
price_to_ema21=1

parameters:
[boosting: gbdt]
[objective: binary]
[metric: binary_logloss]
[tree_learner: serial]
[device_type: cpu]
[data_sample_strategy: bagging]
[data: ]
[valid: ]
[num_iterations: 1000]
[learning_rate: 0.05]
[num_leaves: 63]
[num_threads: -1]
[seed: 0]
[deterministic: 0]
[force_col_wise: 0]
[force_row_wise: 0]
[histogram_pool_size: -1]
[max_depth: -1]
[min_data_in_leaf: 20]
[min_sum_hessian_in_leaf: 0.001]
[bagging_fraction: 0.8]
[pos_bagging_fraction: 1]
[neg_bagging_fraction: 1]
[bagging_freq: 5]
[bagging_seed: 3]
[bagging_by_query: 0]
[feature_fraction: 0.8]
[feature_fraction_bynode: 1]
[feature_fraction_seed: 2]
[extra_trees: 0]
[extra_seed: 6]
[early_stopping_round: 0]
[early_stopping_min_delta: 0]
[first_metric_only: 0]
[max_delta_step: 0]
[lambda_l1: 0]
[lambda_l2: 0]
[linear_lambda: 0]
[min_gain_to_split: 0]
[drop_rate: 0.1]
[max_drop: 50]
[skip_drop: 0.5]
[xgboost_dart_mode: 0]
[uniform_drop: 0]
[drop_seed: 4]
[top_rate: 0.2]
[other_rate: 0.1]
[min_data_per_group: 100]
[max_cat_threshold: 32]
[cat_l2: 10]
[cat_smooth: 10]
[max_cat_to_onehot: 4]
[top_k: 20]
[monotone_constraints: ]
[monotone_constraints_method: basic]
[monotone_penalty: 0]
[feature_contri: ]
[forcedsplits_filename: ]
[refit_decay_rate: 0.9]
[cegb_tradeoff: 1]
[cegb_penalty_split: 0]
[cegb_penalty_feature_lazy: ]
[cegb_penalty_feature_coupled: ]
[path_smooth: 0]
[interaction_constraints: ]
[verbosity: -1]
[saved_feature_importance_type: 0]
[use_quantized_grad: 0]
[num_grad_quant_bins: 4]
[quant_train_renew_leaf: 0]
[stochastic_rounding: 1]
[linear_tree: 0]
[max_bin: 255]
[max_bin_by_feature: ]
[min_data_in_bin: 3]
[bin_construct_sample_cnt: 200000]
[data_random_seed: 1]
[is_enable_sparse: 1]
[enable_bundle: 1]
[use_missing: 1]
[zero_as_missing: 0]
[feature_pre_filter: 1]
[pre_partition: 0]
[two_round: 0]
[header: 0]
[label_column: ]
[weight_column: ]
[group_column: ]
[ignore_column: ]
[categorical_feature: ]
[forcedbins_filename: ]
[precise_float_parser: 0]
[parser_config_file: ]
[objective_seed: 5]
[num_class: 1]
[is_unbalance: 1]
[scale_pos_weight: 1]
[sigmoid: 1]
[boost_from_average: 1]
[reg_sqrt: 0]
[alpha: 0.9]
[fair_c: 1]
[poisson_max_delta_step: 0.7]
[tweedie_variance_power: 1.5]
[lambdarank_truncation_level: 30]
[lambdarank_norm: 1]
[label_gain: ]
[lambdarank_position_bias_regularization: 0]
[eval_at: ]
[multi_error_top_k: 1]
[auc_mu_weights: ]
[num_machines: 1]
[local_listen_port: 12400]
[time_out: 120]
[machine_list_filename: ]
[machines: ]
[gpu_platform_id: -1]
[gpu_device_id: -1]
[gpu_use_dp: 0]
[num_gpu: 1]

end of parameters

pandas_categorical:[]
