tree
version=v4
num_class=1
num_tree_per_iteration=1
label_index=0
max_feature_idx=29
objective=binary sigmoid:1
feature_names=atr_pct BBB_20_2.0_2.0 hl_ratio MACDs_12_26_9 OBV STOCHd_14_3_3 ret_3 DMP_14 MACDh_12_26_9 ADX_14 EMA_50 ret_6 RSI_14 DMN_14 STOCHk_14_3_3 MACD_12_26_9 ADXR_14_2 gap STOCHh_14_3_3 BBL_20_2.0_2.0 BBU_20_2.0_2.0 EMA_9 price_to_ema21 BBM_20_2.0_2.0 ATRr_14 EMA_21 BBP_20_2.0_2.0 vol_ratio close_pos ret_1
feature_infos=[0.00090928235225635264:0.79931401599378393] [0.1099231169893861:387.89546346693783] [0:0.39561229558501082] [-61.45055101726053:48.26916271170051] [-1108710164:2544137550] [0:99.999999999999986] [-0.82889055085590668:1.8809870487841795] [1.9132828689299863:95.999243282969331] [-32.473565655134905:23.587772644964705] [5.9354513018568262:84.961159411797183] [0.34888582707007942:2575.5863728462286] [-0.83816901730819482:2.2689530887272396] [5.3890878737338319:96.685326003100599] [0.28162985862930823:80.230340871005836] [0:99.999999999999986] [-78.870114519966137:55.581454245979558] [6.2986663496668598:84.045380520532774] [-0.43250688704280982:2.3543797422260928] [-32.495444430037793:32.28293820925839] [-21.71193134344453:2563.3997289246531] [0.34152884491646579:2661.1353494020018] [0.28423353312371447:2613.6470964246091] [0.17591080906538606:2.7376272277670894] [0.30433875098824503:2594.666259765625] [0.01032731033220799:48.886741873130262] [0.30483724073726731:2599.3404567456441] [-0.55666856419159294:1.561759762307988] [0:9.9161642806244323] [0:0.99999999998052969] [-0.54041321809626808:1.9062958423429728]
tree_sizes=6937 6956 6949 6983

Tree=0
num_leaves=63
num_cat=0
split_feature=0 0 0 0 0 0 0 0 11 3 26 3 18 8 0 14 0 17 18 7 20 7 16 20 24 0 4 4 9 25 25 3 17 27 11 29 1 14 0 4 7 1 13 8 7 13 1 4 20 9 8 1 16 4 3 25 27 3 13 25 18 4
split_gain=27514.1 5278.61 4756.96 1559.85 955.502 792.48 562.952 453.628 446.207 288.731 352.891 192.005 333.975 205.622 191.659 176.581 175.831 166.84 158.815 156.472 146.376 142.323 138.329 123.937 127.336 123.706 114.613 107.961 97.7864 87.2443 80.7984 80.0684 80.0196 81.9846 80.0042 86.9289 74.2483 73.3923 70.3226 69.9599 77.7524 69.2305 68.8133 75.1514 67.7209 66.5568 61.7024 59.9917 59.9592 59.8293 60.6478 60.8321 59.7555 59.6334 59.3118 64.1164 58.8166 57.6546 57.3844 62.3007 81.9554 57.2965
threshold=0.0086109566817457409 0.0057028972563744305 0.014675431373775803 0.0036525757502343008 0.0067030231803543181 0.010502745319041124 0.0047036189254574491 0.021448063587420973 0.013088550423979941 -0.47717377817822421 0.68100385261922303 -0.14316879216344075 -3.530760999015921 -0.024237273012795615 0.0075228817394972702 86.139245894690262 0.0031809285960554623 -0.020605963878779759 19.720559877716084 18.694427553244608 71.532379894816273 18.015899081965845 38.781579573202173 9.5748151871067595 0.12034874799866103 0.016253985593287289 9262406.0000000019 1989810.5000000002 31.417016253656453 65.202883041757659 161.30846226704969 -0.069812360327734857 0.021956010301280433 1.3004327790964461 -0.079635757458931741 -0.0032477306550087177 5.299444245328595 67.782506850689586 0.004975770120521663 702877.50000000012 19.516632537718387 9.1711741015238406 17.045332093234347 -0.49225246435404307 24.701045196189138 32.295224557098372 1.480355504617074 27457207.500000004 20.299868364729786 14.191713205565582 -0.11910428240651443 14.53667139374298 16.85712502619505 -419486.49999999994 -0.35441415929110115 62.215181776674392 1.0285114533167743 0.05780647940170091 19.806092421799264 35.368456050670737 1.9578170618376378 9262406.0000000019
decision_type=2 2 2 2 2 2 2 2 2 2 2 2 2 2 2 2 2 2 2 2 2 2 2 2 2 2 2 2 2 2 2 2 2 2 2 2 2 2 2 2 2 2 2 2 2 2 2 2 2 2 2 2 2 2 2 2 2 2 2 2 2 2
left_child=1 3 5 16 56 19 23 25 11 10 32 12 13 -9 -6 26 46 -14 28 54 38 -16 45 -5 27 47 42 -25 -12 31 -28 41 37 -34 -27 -36 -31 -10 -8 53 -41 44 -7 -44 -21 52 -1 -4 -48 57 51 -51 -15 -22 55 -2 -3 -37 -52 -60 -61 -30
right_child=2 4 7 6 14 15 20 8 9 -11 18 -13 17 22 21 -17 -18 -19 -20 29 39 -23 -24 24 -26 34 30 -29 61 36 -32 -33 33 -35 35 49 -38 -39 -40 40 -42 -43 43 -45 -46 -47 48 -49 -50 50 58 -53 -54 -55 -56 -57 -58 -59 59 60 -62 -63
leaf_value=-0.77330550486988603 -0.66045494478026789 -0.69792397064866396 -0.66565897254757889 -0.67021432808786863 -0.68954634051969754 -0.67389487683702087 -0.70838857650642029 -0.64587848447477358 -0.65495335246093178 -0.65751023385950069 -0.67628539051710712 -0.65280689329201136 -0.61438053767387379 -0.66579755734736612 -0.67951257469184234 -0.6760772770138368 -0.73832523859403376 -0.65146431416396411 -0.76542237600074092 -0.6772787855694602 -0.70909706583829468 -0.68618251464864499 -0.59667238529633826 -0.73390968552194413 -0.71594271731953518 -0.68051494575296301 -0.66312538031684731 -0.71118010314307689 -0.73604529698865784 -0.67935825836388453 -0.6758418326921638 -0.67853821127086145 -0.76933522934150411 -0.66228688838201799 -0.6552005581384388 -0.66659315924396967 -0.68593363890466952 -0.68686091555463724 -0.69861753158665185 -0.71831155055350127 -0.70799193765717638 -0.63096719964338477 -0.67664401231879423 -0.66835687910184405 -0.66514452625093312 -0.65366684325866431 -0.76577525030379023 -0.65560391316610411 -0.7186892423304635 -0.6627963671336613 -0.66219513010606135 -0.68016047964462867 -0.61773795469700454 -0.69871144249276274 -0.67575863719244089 -0.67232271101770569 -0.69376573574059996 -0.69678034570809066 -0.65890595396110019 -0.63959819772256876 -0.65780176935627954 -0.68621906822994794
leaf_weight=810.14815025031567 1479.5284685790539 24495.728700578213 13390.776937007904 129.07927259802818 34625.467626526952 8490.5488780885935 2325.9130730777979 1013.6939032226801 991.87338343262672 9739.0372517555952 256.64671012759209 12443.87175424397 319.97962331771851 70.380267754197121 10569.860249832273 9335.4593323767185 1155.4866362661123 5818.5945699065924 105.85853876173496 2744.2570201456547 2769.5757223516703 32867.13471981883 545.98246876895428 2170.1635572016239 7113.0493335127831 426.50415301322937 11499.72956058383 688.06709589064121 176.03788867592812 12610.917345955968 1401.3595726042986 18461.47982865572 35.344745635986328 36.209598630666733 11151.224439874291 738.36939136683941 6509.2238240540028 220.23619365692139 8840.1320608109236 2617.4956426173449 6030.6466693729162 104.07138633728027 2946.8572227805853 38178.441008582711 1979.0570480078459 199.34254820644855 160.88110041618347 1668.213771790266 116.6195580214262 2143.1747382134199 7058.2610606253147 659.6349633783102 798.30327799916267 2759.1595121920109 9885.9359297901392 4931.3336378484964 13026.160110399127 201.29176104068756 5778.9296708554029 1143.0191619247198 1346.9042223840952 85.826850816607475
leaf_count=3517 4712 87419 43361 424 120597 28210 8550 3077 3103 30723 859 38656 868 228 35727 31226 4602 17995 451 9213 10201 113340 1382 8545 26698 1446 36939 2549 697 42606 4684 62217 152 116 34914 2398 22430 761 31611 9888 22144 300 9874 124682 6398 621 686 5230 441 6877 22605 2234 2193 9869 33035 16305 45932 716 18313 3396 4253 296
internal_value=-0.679129 -0.695222 -0.667334 -0.711472 -0.689923 -0.673184 -0.708913 -0.657613 -0.653132 -0.660995 -0.678781 -0.648814 -0.643146 -0.62823 -0.686771 -0.669663 -0.751907 -0.649531 -0.709613 -0.677494 -0.704935 -0.684559 -0.617145 -0.718894 -0.719524 -0.660834 -0.668705 -0.728438 -0.698219 -0.679094 -0.664507 -0.677039 -0.663784 -0.715164 -0.659011 -0.658707 -0.681597 -0.660751 -0.700653 -0.708307 -0.711115 -0.671306 -0.669797 -0.668951 -0.672195 -0.627611 -0.766336 -0.664545 -0.745987 -0.660758 -0.66012 -0.666883 -0.621632 -0.703914 -0.67333 -0.669584 -0.69648 -0.67306 -0.658884 -0.656057 -0.649445 -0.719715
internal_weight=362392 153271 209122 37686.4 115584 130558 35443.3 78563.5 32857.2 11647.1 1908.03 21210.1 8766.28 2627.7 78062.5 71852.4 2243.14 6138.57 624.37 58705.8 25342.9 43437 1614.01 10100.4 9971.28 45706.3 62516.9 2858.23 518.511 42409 12901.1 23288.9 1283.66 71.5543 30647.3 30220.8 19120.1 1212.11 11166 14176.9 8648.14 4827.39 49615.8 41125.3 4723.31 1068.03 1087.65 15059 277.501 19069.6 18129.9 2802.81 868.684 5528.74 16296.8 6410.86 37521.9 939.661 15327.1 8268.85 2489.92 261.865
internal_count=1223492 542740 680752 139725 403015 432831 130479 247921 102178 37158 6435 65020 26364 7501 269664 235615 9246 18863 2303 197216 92263 149067 4424 38216 37792 145743 204389 11094 1852 143164 41623 78128 4132 268 97152 95706 65036 3864 40161 52102 32032 15911 162766 134556 15611 3042 4644 48591 1127 60792 57678 9111 2421 20070 54052 21017 133351 3114 48567 25962 7649 993
is_linear=0
shrinkage=1


Tree=1
num_leaves=63
num_cat=0
split_feature=0 0 0 0 0 0 0 0 11 3 26 0 0 3 18 14 9 18 7 17 7 1 20 0 20 10 4 19 9 4 3 8 26 21 1 24 18 10 1 7 26 4 17 14 20 19 4 7 4 3 10 18 9 9 21 0 15 19 1 29 1 15
split_gain=23889.3 4673.65 4071.82 1392.92 890.707 683.209 479.165 388.528 393.275 252.288 292.322 186.452 164.817 157.506 246.498 152.646 144.584 141.967 137.235 136.598 134.788 126.13 125.31 115.928 110.066 117.235 99.7888 94.1781 94.0037 85.69 79.5267 72.9214 129.911 80.8576 77.8059 75.2387 73.4052 72.0425 70.8253 68.7582 67.6595 66.7737 73.4037 76.0385 66.6016 64.1627 64.0808 66.8422 64.9114 62.274 73.9516 61.5941 61.5544 60.8128 60.5157 60.3593 58.777 60.1801 58.5532 58.3991 59.7514 76.413
threshold=0.0086109566817457409 0.0056614247936817375 0.014675431373775803 0.0036525757502343008 0.0066364108360040938 0.010502745319041124 0.0047036189254574491 0.022238817962661344 0.013088550423979941 -0.46154080210787313 0.68100385261922303 0.0074562374963898703 0.0031809285960554623 -0.016964765593779088 -3.1274714985451819 86.77818036479438 40.015097643338571 19.720559877716084 20.062984391700756 -0.020605963878779759 18.975697885983092 15.448099604816509 71.532379894816273 0.016253985593287289 9.5748151871067595 27.286127461170029 9262406.0000000019 63.07172063019128 31.417016253656453 1989810.5000000002 -0.069812360327734857 -0.034264203781665781 0.63313272853640468 27.808993816100585 8.954561080147597 0.85103209527152013 3.5803647681382675 164.45633122604531 5.6691630855501289 35.03700112340821 0.20552980018129843 26157136.500000004 0.021956010301280433 66.237069534453084 45.881394371096292 35.769579883635565 702877.50000000012 19.336929086601536 -2904057.9999999995 -0.36625958019343768 65.112390055594389 4.9061447847592961 36.028130191213727 13.188159674037154 38.544075171303369 0.0050354529101475582 0.060503794298920617 60.966735163338726 5.299444245328595 -0.0089235148172596684 14.53667139374298 0.049197953306229898
decision_type=2 2 2 2 2 2 2 2 2 2 2 2 2 2 2 2 2 2 2 2 2 2 2 2 2 2 2 2 2 2 2 2 2 2 2 2 2 2 2 2 2 2 2 2 2 2 2 2 2 2 2 2 2 2 2 2 2 2 2 2 2 2
left_child=1 3 5 12 54 18 24 23 13 10 41 -6 56 14 16 26 40 28 49 -16 -13 -18 38 -4 -5 29 -7 30 45 -26 -20 59 33 -33 35 52 -35 -28 55 51 -9 42 43 -10 -42 -12 48 -48 -24 50 -2 -30 -34 -46 -3 -8 -1 -58 -29 -25 -61 -62
right_child=2 4 7 6 11 15 22 8 9 -11 17 20 -14 -15 19 -17 21 -19 27 -21 -22 -23 46 31 25 -27 37 58 39 -31 -32 32 34 36 -36 -37 -38 -39 -40 -41 44 -43 -44 -45 53 -47 47 -49 -50 -51 -52 -53 -54 -55 -56 -57 57 -59 -60 60 61 -63
leaf_value=-0.051604744929505064 0.054527181734643076 0.023480750007908405 0.05001054212071146 0.044806349487913844 0.026578114150941169 0.045157021369273492 0.0095618840707310387 0.067013205507298154 0.05415395910561821 0.056569337625203768 0.0784300163569501 0.035658943277861538 -0.019295475323893412 0.059656729589345196 0.09300796447273979 0.039177158179990151 0.11242107205084567 -0.047402780766759064 0.044887671149983571 0.061982917449322245 0.029714474390693142 0.069865819636983906 0.0011570918410797667 0.058098176779963831 -0.014968418687030617 0.0020518753151803413 0.051265501685954389 0.035784248652144565 0.023677045598751497 0.0058417677251112257 0.037137282963387933 0.05794942678118023 0.05421322053402209 0.072380109521150038 0.056809683864181219 0.038431545269712819 0.056416746020288483 0.039093430641239241 0.042444621405963057 0.062076960601235957 0.074952290863197546 0.07125563258866853 -0.01729932781369109 0.017766144539411756 -0.059158657231893966 0.023034742675236097 -0.0006817121063648025 0.0092232440426053743 0.015919181982375168 0.039379693648509517 0.042435015745852685 -0.033090333264985124 0.034575256188760561 0.09994349998036553 0.018768045650661671 0.018068542505184981 -0.0024160360375182878 -0.073190165947124727 0.029768370663627804 0.051869898946188944 0.03656729736074199 0.066195022909312881
leaf_weight=903.2912592291832 1636.5563674271107 9073.0534027814865 15329.843820422888 131.16160771250725 34858.59732183814 50845.896789446473 2890.9515500813723 1620.8837824314833 713.8813451975584 8948.6546152532101 75.956634819507599 13336.403708919883 1147.3871158063412 8082.5774192065001 373.0510606020689 8899.9082546979189 519.63956482708454 98.938297659158707 4082.0948944687843 7243.688573345542 33463.643691033125 261.86973856389523 898.63334488868713 2768.4466944634914 2105.015260130167 7214.854005381465 11924.894805669785 11636.086412578821 72.052180096507072 646.62885636091232 17495.481532335281 7904.7678936123848 3742.6193489581347 2245.9585301280022 6891.8825775533915 1320.3542513996363 1060.0279859900475 1353.6131708920002 253.55613039433956 34.519764214754105 1088.2814206331968 285.12819248437881 46.957629904150963 179.71126715838909 6.0880856961011878 167.64672276377678 2411.0801383852959 5802.1114701032639 4346.4807240515947 12901.741808310151 5559.9182613492012 141.86945569515228 446.65164385735989 445.26054619252682 27333.059495463967 7482.639341622591 126.48013362288475 39.390409290790558 6199.8513787984848 6384.2637941688299 1392.5755356401205 257.93479378521442
leaf_count=3975 5105 31727 48591 424 120394 164153 10572 4806 2221 27657 220 44610 4602 24661 992 29373 1268 430 13194 21917 114284 763 3368 8508 8332 27065 37621 38873 254 2395 58182 24317 11675 6553 21302 4329 3278 4468 839 108 3128 840 187 635 26 581 9122 21256 15584 42558 18139 585 1483 1157 96914 26608 487 182 21165 20060 4614 775
internal_value=0.0365835 0.0216175 0.0474526 0.00595379 0.0264467 0.0420726 0.00844446 0.0563487 0.0608014 0.0531206 0.0361324 0.0293465 -0.0324568 0.0650112 0.0687553 0.0453133 0.0789048 0.0072479 0.038096 0.0635025 0.0314084 0.0981616 0.0122775 0.0536271 -0.000698225 -0.00129708 0.046165 0.0363814 0.0182368 -0.0100781 0.0386035 0.055238 0.0567948 0.0606955 0.0532686 0.0488392 0.0672616 0.0500247 0.016336 -0.00340379 0.0741432 0.0500596 0.043634 0.046836 0.0816494 0.0403072 0.00907268 0.00631553 0.01339 0.0414583 0.0451849 -0.0139702 0.0521195 0.0977974 0.0199425 0.0156979 -0.0465811 -0.0192233 0.0336931 0.0518354 0.0496775 0.0411974
internal_weight=367152 154464 212688 36399.7 118065 132536 34183.1 80152 30406.7 10765.3 1816.66 81658.6 2216.55 19641.3 11558.8 73024.3 3942.02 590.983 59511.7 7616.74 46800 781.509 24085.5 49745.3 10097.7 9966.5 64124.4 39413.5 492.045 2751.64 21577.6 34415.5 23612.3 11210.8 12401.5 5509.63 3305.99 13278.5 10627.1 248.441 3160.51 1225.68 940.55 893.593 1539.63 243.603 13458.3 8213.19 5245.11 20098.2 7196.47 213.922 4189.27 451.349 36406.1 10373.6 1069.16 165.871 17835.9 10803.2 8034.77 1650.51
internal_count=1223492 542740 680752 134811 407929 432831 125565 247921 92436 33718 6061 279288 9246 58718 34057 235615 11148 2178 197216 22909 158894 2031 87349 155485 38216 37792 206242 131414 1748 10727 71376 106894 72937 34148 38789 17487 9831 42089 38019 947 9117 3883 3043 2856 4311 801 49330 30378 18952 65802 23244 839 13158 1183 128641 37180 4644 669 60038 33957 25449 5389
is_linear=0
shrinkage=0.05


Tree=2
num_leaves=63
num_cat=0
split_feature=0 0 0 0 0 0 0 11 0 3 12 0 0 13 3 18 16 13 13 17 18 0 3 1 20 10 3 4 4 8 9 4 0 24 21 19 11 13 1 1 17 15 21 9 9 16 0 13 8 1 1 11 11 10 17 19 21 4 20 16 4 9
split_gain=20857 4148.23 3519.41 1120.67 1056.37 593.257 334.205 337.044 291.571 217.509 270.485 164.064 154.692 147.282 134.68 210.058 149.969 133.033 120.017 115.77 103.809 99.8971 99.7532 99.636 97.9442 106.185 96.0756 94.8813 77.876 77.6871 96.2549 84.6918 76.775 76.5812 70.7746 69.2974 68.56 68.7285 82.6031 78.1729 80.5072 80.2549 69.6765 65.8598 65.321 62.7227 60.3801 58.6279 57.9443 57.5483 57.0564 55.5719 55.4771 54.3541 54.0694 54.0572 53.3577 56.3342 51.8488 59.6907 54.7626 51.1779
threshold=0.0086109566817457409 0.0054024020392852935 0.014675431373775803 0.0036525757502343008 0.0066364108360040938 0.010502745319041124 0.022238817962661344 0.013088550423979941 0.0047036189254574491 -0.46154080210787313 54.848457384438042 0.0073907703361103918 0.0031809285960554623 15.653237645550204 -0.016964765593779088 -2.8232922863624399 41.140743511961261 28.407194229550104 36.14252584298287 -0.020605963878779759 19.720559877716084 0.016253985593287289 -1.1681486448167597 15.448099604816509 9.5748151871067595 27.286127461170029 0.54814089414147482 9262406.0000000019 1989810.5000000002 0.023716045380040348 26.747825724827688 28857765.500000004 0.0093524113214862748 0.43264883362559797 38.544075171303369 140.91705137096605 -0.079635757458931741 19.806092421799264 10.771911348146968 14.53667139374298 -0.020605963878779759 0.13860549886146603 22.09587798369872 13.551868704256025 30.826391617683672 33.530174857728319 0.005781887132440394 10.813922525396391 -0.49225246435404307 1.480355504617074 5.6691630855501289 0.018705464206171033 0.088375402255427185 20.306382759904896 0.021956010301280433 34.922187038059072 20.004520631874609 1243311.0000000002 88.918579558754985 47.674949089380029 225777.00000000003 32.360166527347971
decision_type=2 2 2 2 2 2 2 2 2 2 2 2 2 2 2 2 2 2 2 2 2 2 2 2 2 2 2 2 2 2 2 2 2 2 2 2 2 2 2 2 2 2 2 2 2 2 2 2 2 2 2 2 2 2 2 2 2 2 2 2 2 2
left_child=1 3 5 12 34 26 21 14 24 10 29 -6 49 52 15 16 18 -13 22 -17 44 -4 -8 -18 -5 28 32 48 51 -9 -31 35 -2 50 -3 54 -23 38 42 43 -41 45 47 -39 55 -42 -36 -38 -15 -1 -10 56 -7 -51 -32 -12 57 -26 59 -27 -60 -43
right_child=2 4 6 8 11 13 7 9 33 -11 20 17 -14 27 -16 19 23 -19 -20 -21 -22 36 -24 -25 25 58 -28 -29 -30 30 31 -33 -34 -35 46 -37 37 39 -40 40 41 61 -44 -45 -46 -47 -48 -49 -50 53 -52 -53 -54 -55 -56 -57 -58 -59 60 -61 -62 -63
leaf_value=-0.051960884697458201 0.034410440974586717 0.021527333584562339 0.046761442166206112 0.04195746485055861 0.024831869876898362 0.038112736454372992 0.098604310949213403 0.062717104464651938 0.012850620666033053 0.052798336716830867 0.089940717968990225 0.027857617767290177 -0.01846090497986572 0.035843898676389964 0.055635812228581473 0.086013397117758975 0.10546741313973058 0.033703201948808666 0.050623214948587847 0.057579861652713296 -0.05414934804679903 0.033519039654653547 0.06970447189711805 0.066949872955545317 -0.0029448363718068893 0.0074466986092757096 0.03130987228475033 0.047429530186304331 0.0055383763444160072 0.061870238706813678 0.018296612949767359 0.06035706615289263 0.038359799042561649 0.0065555084439803974 0.013450542697950589 0.060862988928071286 0.031921280337999292 0.041384569709112341 0.054074234698134029 0.090744945952013198 0.029224295941323981 0.07937354294076393 0.039956281235151311 0.055346024922324301 -0.016601013033981437 0.046531655480139072 0.018212912623768545 0.05135862637647437 0.042947134857921371 -0.044517173133121847 0.042065842691278776 0.095098470531807103 0.0084374822956881472 0.00075794300508493038 -0.038115466035458158 0.015899144184593938 -0.023558143454542442 -0.035039110049372012 0.0071483700320077509 -0.029127432372843178 -0.0061985202938728374 0.043125322156780589
leaf_weight=779.48301370441914 21762.64537140727 11055.9897929281 15568.799049139023 133.01416039466858 32336.086785882711 13658.568252310157 341.62884116172791 378.2698772996664 8320.4350471943617 9104.1900744438171 32.447672501206398 36879.961518615484 1139.5001819729805 3066.829132348299 8229.4029473811388 376.71809130907059 516.33832654356956 13222.425135582685 739.6661235243082 7202.2824448645115 84.626253664493561 517.92094799876213 2370.149096429348 248.79524536430836 962.96766948699951 3432.8808548748493 10154.797240674496 12211.194195047021 647.91472831368446 279.87243631482124 535.63574053347111 162.69902248680592 28318.386268720031 7715.8622597306967 9149.3213898539543 90.468249276280403 426.74554416537285 885.93229119479656 4795.8948540985584 96.23555500805378 792.85293464362621 241.68693178892136 3126.1037212014198 18146.198880568147 123.72620731592178 1540.8029058724642 24419.071247845888 4266.7949883043766 44969.773524269462 155.48692870140076 170.54442316293716 11.544897913932799 159.3315249979496 115.55820220708847 46.134915485978127 102.59818834066391 960.00673022866249 159.3538453578949 1095.2228878438473 115.30449575185776 2576.5257638990879 163.08012674748898
leaf_count=3517 71497 38453 48591 424 110785 44167 848 1111 29896 27657 86 124715 4602 9998 24661 976 1213 43788 2239 21403 381 1696 6673 705 3720 12676 33848 38062 2395 832 1850 486 91871 28357 32823 274 1394 2804 14520 254 2616 666 9947 54620 487 4814 85907 13053 142823 686 554 33 565 441 195 359 3911 668 4047 469 9873 510
internal_value=0.034345 0.0203877 0.0444042 0.0031448 0.0242542 0.0394294 0.0525985 0.0566893 0.00600624 0.049632 0.033935 0.0276084 -0.0312202 0.0424263 0.060545 0.06397 0.0729155 0.0294003 0.0684758 0.0589932 -0.00607704 0.0500935 0.0733453 0.0929428 -0.00066417 -0.00123328 0.0357444 0.0434941 -0.00961018 0.0431376 0.036494 0.0279878 0.0366436 0.010161 0.0180577 0.0201536 0.0515757 0.0518469 0.048908 0.0535424 0.045796 0.0442164 0.0457395 0.0546961 0.00964405 0.0406515 0.0169149 0.0495913 0.0424936 -0.0450601 0.0134374 -0.0142977 0.0377706 -0.0252144 0.0138231 0.0336892 -0.0149042 -0.00750177 0.00194787 0.00625816 -0.00221736 0.0647692
internal_weight=371391 155554 215836 28491.6 127063 134302 81534.7 30965.6 26301.6 10940.7 1836.48 82438.5 2190.03 74065.7 20025 11795.6 4216.58 50102.4 3451.44 7579 343.398 50569 2711.78 765.134 10094.7 9961.72 60235.8 60247.8 2741.79 1493.08 1114.81 834.938 50081 16206.8 44624.4 672.239 35000.2 34482.3 12615.5 21866.8 2834.66 2738.42 7819.64 19032.1 258.772 2333.66 33568.4 4693.54 48036.6 1050.53 8490.98 2093.87 13817.9 271.045 581.771 135.046 2082.33 1122.32 7219.93 3548.19 3671.75 404.767
internal_count=1223492 542740 680752 106269 436471 432831 247921 92436 97023 33718 6061 279288 9246 235615 58718 34057 11678 168503 9760 22379 1313 155485 7521 1918 38216 37792 197216 190883 10727 4748 3637 2805 163368 58807 157183 2319 106894 105198 38914 66284 8860 8606 24394 57424 932 7430 118730 14447 152821 4644 30450 8332 44732 1127 2045 445 8299 4388 27065 13145 13920 1176
is_linear=0
shrinkage=0.05


Tree=3
num_leaves=63
num_cat=0
split_feature=1 2 2 1 1 1 2 5 12 24 6 3 2 9 10 19 15 2 1 2 18 18 1 24 1 5 8 2 15 1 13 18 3 24 3 3 2 1 16 5 5 24 2 16 1 9 11 12 27 20 1 5 17 10 12 11 16 8 12 1 5 17
split_gain=11209.4 2826.41 2306.81 754.199 703.438 599.073 420.635 342.763 318.54 292.327 269.626 263.102 246.356 210.415 202.777 189.263 183.578 145.999 144.792 141.169 140.137 139.021 138.456 132.352 126.669 125.315 172.366 125.571 125.536 124.212 123.94 128.413 197.828 121.748 121.738 121.194 114.617 108.277 104.406 103.982 103.602 100.777 100.046 97.4133 95.0269 90.1902 89.8082 91.8695 91.6605 83.9187 83.0292 76.9457 74.5872 72.6878 69.5729 74.9205 68.2782 65.9562 64.986 75.8471 64.766 62.8536
threshold=3.9885840452165406 0.0087624188021057248 0.0041802596784640987 2.1943045376961794 1.2413160121033979 8.0656457128334491 0.0052492804553791088 86.068015571287546 60.54914593745174 0.11735628664011472 -0.015580438682055052 0.11600555974321509 0.0028677058158355457 28.652584564784629 19.028871579217284 10.539833441240338 0.078785925413647831 0.018292687142373237 1.5188096584080866 0.0070694528388046398 -14.049525047099969 13.475952051736298 5.3397168109614812 0.11463682548328531 6.2827007830660717 81.964878814146616 -0.029543309683258714 0.01947203866945026 -0.087538706965107224 11.353374611044403 37.048464714033969 -4.4127647579097848 -0.5688938995139089 0.095074372690309591 -0.08345817996364438 0.041976879909648247 0.030505616887829771 2.4628969068656854 18.468456188384675 74.224945723619655 17.045379512891099 0.042310955419501105 0.0020757990181824869 35.372950802097314 7.088872962789349 17.096854735028838 0.059379082886038 69.751383900509822 0.7391161957578134 15.25625508232215 5.9371381517715385 20.829733036020773 -0.020605963878779759 9.2280478085196957 66.341727795216556 0.014979924200251517 16.234900896566312 -0.097130511871366718 69.751383900509822 2.8758424333115156 29.645232823217892 -0.0081271893397149939
decision_type=2 2 2 2 2 2 2 2 2 2 2 2 2 2 2 2 2 2 2 2 2 2 2 2 2 2 2 2 2 2 2 2 2 2 2 2 2 2 2 2 2 2 2 2 2 2 2 2 2 2 2 2 2 2 2 2 2 2 2 2 2 2
left_child=2 6 4 18 9 7 35 16 15 41 20 50 23 29 -15 -5 22 54 33 -17 57 36 60 37 -13 26 27 -22 -28 -12 31 32 43 -4 61 40 -16 45 -14 -26 -2 53 -11 -24 -37 -6 -23 48 -48 -43 -8 -52 -38 -1 55 -10 -21 -7 59 -40 -3 -27
right_child=1 5 3 8 12 10 11 -9 17 42 13 24 38 14 21 19 -18 -19 -20 56 25 46 30 -25 39 34 28 -29 -30 -31 -32 -33 -34 -35 -36 44 52 -39 58 -41 -42 49 -44 -45 -46 -47 47 -49 -50 -51 51 -53 -54 -55 -56 -57 -58 -59 -60 -61 -62 -63
leaf_value=0.0518349593086758 0.026204315466264002 0.036696719630762327 -0.0071111746023796918 0.039548384608755482 0.013871402000066334 0.030607014349012474 0.035954732137562347 0.030122320705183808 0.019460206891302127 -0.023828621966530919 0.046327156732383384 0.027664039627344934 0.021716548937254696 0.04854389971314016 0.039042496056458417 0.026586104274304585 0.038223846396368215 0.038070991162574286 0.020973222923209286 0.035446280000303122 0.045342973249534783 0.032835178929272672 0.065222053455226456 0.011077916846746454 0.041935047341586318 -0.044896575854981892 0.073535965871917436 0.057494809248380491 0.057459514201517049 0.054450609425781754 0.037697630525368772 0.04600144558097851 0.051000476784953036 0.014901912655833047 0.045500782233476339 0.02357246285249516 0.090697125810778212 0.011685410157519685 0.013062530346631188 0.031718752065171253 0.034568439567678556 0.0089077665506811735 0.0061960569607124091 0.10268916330947142 0.032131399413739471 -0.017043337720973658 0.053773109347528519 0.037158224146930312 -0.037435165685120404 -0.0272941453594235 0.036963693495763027 0.043837814264230113 0.049896696621977085 -0.057494820891977987 0.015407655906212431 0.029406817985836903 0.030054199735949028 0.048422885075354555 0.00064348298053806363 0.019607917338320874 0.043288325134236548 0.022607729194127641
leaf_weight=16.000561505556107 5684.9952912479639 6224.9486345797777 697.23002326488495 4561.2283743172884 298.03467909991741 844.00680933892727 17498.920161485672 6374.1301144510508 5543.2846489846706 322.69929598271847 10367.21926805377 11318.315923184156 8423.8112101554871 10399.127932652831 13529.610418692231 31424.355720072985 18315.926910713315 1231.7492745816708 21733.537881016731 7456.6131478995085 3801.1697488427162 425.01420660316944 467.39653922617435 10797.790404483676 3765.3698070198298 55.954791814088821 1991.254468485713 4823.677865087986 3112.1533421128988 8616.8366428464651 3253.8630856126547 15262.144094511867 3931.0883841514587 6336.614034473896 1035.4162321090698 13267.67918625474 120.47699120640755 880.66617824137211 11283.747783496976 7357.0129796117544 10615.450559198856 202.533761292696 1978.612722709775 275.88270485401154 4292.1175085306168 1132.0178089886904 32.997264876961708 95.968129307031631 166.72818493843079 763.68015497922897 7128.2214491516352 9491.3884923160076 1594.7216339707375 304.93627923727036 4993.0208419263363 2875.0887254476547 27608.553094178438 1351.1304831057787 752.70206138491631 7282.463237002492 9284.8428769260645 89.862725794315338
leaf_count=50 19006 19853 2687 14425 1082 2692 56222 20901 19061 1318 31520 37535 29011 31317 42398 105365 57965 3943 74688 24021 11588 1363 1320 38702 11759 225 5350 13955 9025 25329 10301 46708 11742 22390 3148 44963 302 3169 40097 23974 34426 752 7261 648 14028 4531 102 303 693 3200 22645 29404 4793 1424 17460 9518 90785 4030 2794 25148 28783 294
internal_value=0.0322892 0.0396976 0.0222064 0.0259602 0.012538 0.0445428 0.0329542 0.0411186 0.0283118 -0.0086869 0.0480184 0.0355928 0.0144024 0.0460007 0.0431106 0.0296957 0.0423479 0.0215968 0.0189552 0.0290198 0.0533677 0.0395717 0.0442997 0.00875376 0.0313879 0.0551042 0.0564489 0.0521392 0.0637322 0.0500144 0.0467455 0.0482222 0.0554732 0.0127199 0.0394771 0.0285466 0.0405861 -0.00210682 0.0170715 0.0351774 0.0316513 -0.0277689 0.00198587 0.0791287 0.0256645 -0.0106005 0.0181132 -0.0030475 -0.0223664 -0.0197057 0.0383585 0.0408895 0.0527626 -0.0520441 0.0200838 0.0228572 0.0312008 0.0415729 0.015046 0.0156299 0.0406427 -0.00329581
internal_weight=375164 216263 158901 114461 44439.7 125844 90419.5 63390.2 85693.9 3588.46 62453.3 56559.2 40851.2 45348.7 26364.6 71050.8 57016.1 14643.1 28767.4 66489.5 17104.6 15965.5 38700.2 13108.5 22440.7 14909.5 13728.3 8624.85 5103.41 18984.1 23190.4 19936.5 4674.37 7033.84 1181.23 33860.2 15244.8 2310.72 27742.7 11122.4 16300.4 1287.15 2301.31 743.279 17559.8 1430.05 720.708 295.694 199.725 966.214 34118.5 16619.6 1715.2 320.937 13411.4 8418.37 35065.2 2195.14 19318.9 18566.2 15509.8 145.818
internal_count=1223492 680610 542882 384343 158539 386648 293962 198221 284578 14005 188427 181539 144534 138120 81271 234596 177320 49982 99765 220171 50307 49954 119355 47484 73268 43585 39918 25543 14375 56849 70719 60418 13710 25077 3667 112423 47493 8782 97050 35733 53432 5426 8579 1968 58991 5613 2461 1098 795 3952 108271 52049 5095 1474 46039 28579 114806 6722 68039 65245 48636 519
is_linear=0
shrinkage=0.05


end of trees

feature_importances:
atr_pct=37
BBB_20_2.0_2.0=26
MACDs_12_26_9=17
OBV=16
ADX_14=12
STOCHh_14_3_3=12
hl_ratio=9
ret_6=9
DMN_14=9
gap=9
BBU_20_2.0_2.0=9
DMP_14=8
MACDh_12_26_9=8
ADXR_14_2=8
EMA_50=7
ATRr_14=7
STOCHd_14_3_3=6
BBL_20_2.0_2.0=6
RSI_14=5
MACD_12_26_9=5
EMA_9=5
STOCHk_14_3_3=4
EMA_21=4
BBP_20_2.0_2.0=4
vol_ratio=3
ret_1=2
ret_3=1

parameters:
[boosting: gbdt]
[objective: binary]
[metric: binary_logloss]
[tree_learner: serial]
[device_type: cpu]
[data_sample_strategy: bagging]
[data: ]
[valid: ]
[num_iterations: 1000]
[learning_rate: 0.05]
[num_leaves: 63]
[num_threads: -1]
[seed: 0]
[deterministic: 0]
[force_col_wise: 0]
[force_row_wise: 0]
[histogram_pool_size: -1]
[max_depth: -1]
[min_data_in_leaf: 20]
[min_sum_hessian_in_leaf: 0.001]
[bagging_fraction: 0.8]
[pos_bagging_fraction: 1]
[neg_bagging_fraction: 1]
[bagging_freq: 5]
[bagging_seed: 3]
[bagging_by_query: 0]
[feature_fraction: 0.8]
[feature_fraction_bynode: 1]
[feature_fraction_seed: 2]
[extra_trees: 0]
[extra_seed: 6]
[early_stopping_round: 0]
[early_stopping_min_delta: 0]
[first_metric_only: 0]
[max_delta_step: 0]
[lambda_l1: 0]
[lambda_l2: 0]
[linear_lambda: 0]
[min_gain_to_split: 0]
[drop_rate: 0.1]
[max_drop: 50]
[skip_drop: 0.5]
[xgboost_dart_mode: 0]
[uniform_drop: 0]
[drop_seed: 4]
[top_rate: 0.2]
[other_rate: 0.1]
[min_data_per_group: 100]
[max_cat_threshold: 32]
[cat_l2: 10]
[cat_smooth: 10]
[max_cat_to_onehot: 4]
[top_k: 20]
[monotone_constraints: ]
[monotone_constraints_method: basic]
[monotone_penalty: 0]
[feature_contri: ]
[forcedsplits_filename: ]
[refit_decay_rate: 0.9]
[cegb_tradeoff: 1]
[cegb_penalty_split: 0]
[cegb_penalty_feature_lazy: ]
[cegb_penalty_feature_coupled: ]
[path_smooth: 0]
[interaction_constraints: ]
[verbosity: -1]
[saved_feature_importance_type: 0]
[use_quantized_grad: 0]
[num_grad_quant_bins: 4]
[quant_train_renew_leaf: 0]
[stochastic_rounding: 1]
[linear_tree: 0]
[max_bin: 255]
[max_bin_by_feature: ]
[min_data_in_bin: 3]
[bin_construct_sample_cnt: 200000]
[data_random_seed: 1]
[is_enable_sparse: 1]
[enable_bundle: 1]
[use_missing: 1]
[zero_as_missing: 0]
[feature_pre_filter: 1]
[pre_partition: 0]
[two_round: 0]
[header: 0]
[label_column: ]
[weight_column: ]
[group_column: ]
[ignore_column: ]
[categorical_feature: ]
[forcedbins_filename: ]
[precise_float_parser: 0]
[parser_config_file: ]
[objective_seed: 5]
[num_class: 1]
[is_unbalance: 1]
[scale_pos_weight: 1]
[sigmoid: 1]
[boost_from_average: 1]
[reg_sqrt: 0]
[alpha: 0.9]
[fair_c: 1]
[poisson_max_delta_step: 0.7]
[tweedie_variance_power: 1.5]
[lambdarank_truncation_level: 30]
[lambdarank_norm: 1]
[label_gain: ]
[lambdarank_position_bias_regularization: 0]
[eval_at: ]
[multi_error_top_k: 1]
[auc_mu_weights: ]
[num_machines: 1]
[local_listen_port: 12400]
[time_out: 120]
[machine_list_filename: ]
[machines: ]
[gpu_platform_id: -1]
[gpu_device_id: -1]
[gpu_use_dp: 0]
[num_gpu: 1]

end of parameters

pandas_categorical:[]
