tree
version=v4
num_class=1
num_tree_per_iteration=1
label_index=0
max_feature_idx=29
objective=binary sigmoid:1
feature_names=atr_pct vol_ratio ret_3 hl_ratio gap ret_1 MACDs_12_26_9 ret_6 STOCHk_14_3_3 BBM_20_2.0_2.0 STOCHd_14_3_3 EMA_9 ATRr_14 BBP_20_2.0_2.0 close_pos RSI_14 OBV MACD_12_26_9 BBL_20_2.0_2.0 BBB_20_2.0_2.0 DMN_14 EMA_21 EMA_50 ADXR_14_2 ADX_14 BBU_20_2.0_2.0 STOCHh_14_3_3 MACDh_12_26_9 price_to_ema21 DMP_14
feature_infos=[0.00049214690172882459:0.58239071478770565] [0:9.783669868181665] [-0.64732826328049686:1.1578947137267304] [0:0.46279062381048069] [-0.39180537321472714:0.64926581837442421] [-0.44436506241086926:0.90476340865285954] [-65.623252893337167:45.756602386186792] [-0.80074379660866479:4.9326309590447872] [0:99.999999999999986] [0.29306250214576723:2592.2992553710938] [0.11499005331372252:99.999999999999986] [0.26469701033029475:2600.6798630159019] [0.011268653938684588:53.811414604201147] [-0.55933776308454319:1.5584932595646961] [0:0.99999999997297306] [2.1034923804883845:95.902303547293613] [-913733039:2544137550] [-78.870114519966137:51.066346760440865] [-13.727301232107116:2554.9677869325865] [0.066952998955815649:386.91148956191046] [0.49776607314870336:90.027729400691726] [0.28753779393603851:2587.1849594651117] [0.32016288387614938:2575.6755389080186] [6.1639083501938892:92.554431271972533] [6.0180365554731718:92.724232561911109] [0.34152884491646579:2658.4600140946923] [-31.919630684244055:32.50408547143023] [-32.473565655134905:21.427001406694174] [0.24890439155026758:2.1702444617120236] [1.3565752928674435:81.274888895028454]
tree_sizes=6889 7028 7038

Tree=0
num_leaves=63
num_cat=0
split_feature=0 1 0 0 0 1 3 0 3 0 0 0 1 1 0 0 1 0 3 3 3 0 1 1 0 3 0 1 1 0 0 26 0 4 0 1 3 1 0 1 3 3 27 26 26 12 26 1 26 26 3 1 3 3 26 3 26 3 0 1 3 3
split_gain=116654 21420.3 17919.3 12733.4 9551.68 4462.57 3052.02 2893.93 2356.04 2341.88 2146.85 2023.96 1685.66 1678.96 1470.57 1461.34 1370.53 1343.44 1331.4 1119.06 1051.96 1045.59 873.584 748.185 704.87 694.652 651.268 635.895 622.141 584.583 583.439 579.322 571.398 508.537 505.081 496.208 494.147 443.647 414.36 388.597 385.872 353.212 342.791 338.164 370.055 327.623 324.814 319.217 314.224 288.706 287.118 299.339 282.665 279.051 272.665 271.827 263.432 243.913 233.551 225.589 222.884 218.94
threshold=0.010128729769769728 0.9536350388759286 0.015302232589959074 0.0068462233315214754 0.0063589538925318241 0.81909395888282466 0.0093794552026613826 0.0034129336322461616 0.0072171698237491677 0.021326044329813342 0.0084542456628865521 0.0034129336322461616 1.2516063992339459 0.62543816491415261 0.0074432218455179359 0.0047983131297113695 0.64573457428266445 0.012481007409772331 0.0054827810487476907 0.01060260877588408 0.0072171698237491677 0.0056682027937506622 1.4290415924319972 0.60865058115156623 0.0077802161222282661 0.0073170581930889524 0.01293198174961528 1.1842649453378939 1.7943798821887327 0.0076451762605167688 0.0059121812303138772 17.646462552364802 0.0054409919084712462 0.00053122331216200224 0.0059898369625536359 0.50483912754961302 0.0065598056981638246 1.5331368338563751 0.028795586204010657 0.78221594551766482 0.0045017842200388803 0.0038219635414562165 0.1882890962629051 10.343808400097499 -7.7875038700656551 0.16626259417604319 9.8732865311541627 1.8182407330171839 7.534160648528089 9.2422320976669834 0.0046172810621394117 0.53719182370839025 0.0032662676342283818 0.0035347340989388882 -8.2932933711093444 0.0055242723943256895 -9.22880335702847 0.0042058272018679222 0.008800980391491204 0.55820093599395648 0.0038219635414562165 0.014808525243196062
decision_type=2 2 2 2 2 2 2 2 2 2 2 2 2 2 2 2 2 2 2 2 2 2 2 2 2 2 2 2 2 2 2 2 2 2 2 2 2 2 2 2 2 2 2 2 2 2 2 2 2 2 2 2 2 2 2 2 2 2 2 2 2 2
left_child=1 3 5 11 7 17 12 -3 15 39 16 -1 24 34 -8 33 50 35 21 27 46 52 40 57 36 -25 37 49 58 -14 -20 38 -10 45 53 -2 -6 -21 -11 -4 -17 -36 -33 44 -23 -9 56 -34 54 -7 51 -5 -15 -13 -37 -26 -18 -12 -16 -19 -46 -30
right_child=2 4 9 10 6 19 14 8 32 31 23 13 29 18 28 22 20 59 30 26 -22 43 -24 25 55 -27 -28 -29 61 -31 -32 42 47 -35 41 48 -38 -39 -40 -41 -42 -43 -44 -45 60 -47 -48 -49 -50 -51 -52 -53 -54 -55 -56 -57 -58 -59 -60 -61 -62 -63
leaf_value=-1.292432275459741 -1.1833133610206772 -1.29089504986371 -1.137495258647697 -1.2137803982950934 -1.1748605485243531 -1.1435244899293995 -1.2121911033962438 -1.2300354028962535 -1.2585186853156902 -1.119556634213519 -1.1830496776507775 -1.2395000873059989 -1.1594325082072043 -1.2155064293910327 -1.1903909897932479 -1.186916979422717 -1.2071403697212113 -1.162612856353739 -1.2560847727143558 -1.1647883367631382 -1.2114210559182035 -1.226508090815005 -1.1726492691824351 -1.1723153217632889 -1.1506487757553023 -1.1909007209874654 -1.143382809916123 -1.1300329774555498 -1.1487532264465985 -1.1445534942326465 -1.2267719741966236 -1.1355431370578797 -1.2293422402993723 -1.2690348889830954 -1.2178186264177753 -1.1817109740603555 -1.2041166857934338 -1.1471244947975341 -1.1092799780258664 -1.1284246129796731 -1.2092549698103827 -1.2386882586877663 -1.203622366614026 -1.2352137269171755 -1.1852629374762493 -1.2008936455512753 -1.2124217964855084 -1.1921935078671968 -1.184286385155487 -1.1704293190176065 -1.2186393426413347 -1.1939464055413764 -1.2334171881971536 -1.2559586660342272 -1.1638679587368386 -1.1684715283166283 -1.1825563958641938 -1.1988913571485695 -1.1754405391877263 -1.1521355978626935 -1.2025315517017505 -1.1725918630642813
leaf_weight=1257.6769561767578 8691.9385721087456 883.73402673006058 21734.695454716682 5127.5290760993958 5492.7036699056625 11682.422993838787 3497.0716698765755 1489.0179479122162 1388.5309698581696 24964.52718102932 3029.772550702095 5876.7008253335953 11490.871041297913 4328.4596920013428 4886.412854373455 4690.7489731907845 1205.3429110646248 9076.6467617750168 2711.3148845434189 10778.953940868378 6708.1024187207222 991.19698512554169 7874.5516488552094 10645.9900816679 3408.4505990147591 9526.6543198227882 11505.8692522645 12739.234237134457 2226.8256618380547 15514.272478938103 4540.0591834187508 583.21241515874863 2245.1427201628685 417.00755941867828 3400.4358464479446 2505.1625772118568 1957.76050812006 5303.8750978112221 16156.953262627125 25852.089008867741 3288.722761631012 5021.2085517644882 270.73510205745697 650.39734131097794 3695.3493880629539 2737.7026192545891 1173.505476474762 778.89916902780533 2886.3083481788635 1090.135248541832 11726.463840544224 3024.3578522801399 4485.7376574277878 4584.405745446682 14732.401326537132 5745.7275859117508 11357.152410447598 12270.440346181393 5612.8071255683899 11838.608878970146 3779.7814301848412 1697.3061969876289
leaf_count=6880 34017 4815 70854 22296 20834 39089 15127 6820 6924 74994 11846 27710 41056 18928 19617 18599 5127 32842 13426 39336 28943 4490 29620 39994 11751 38315 38475 40173 7617 52138 20583 1885 10261 2142 14982 9747 8243 18019 46167 80931 14088 23618 1138 3027 14565 11401 5080 3147 11336 4066 51803 12295 20762 22693 53570 21270 44325 50749 21336 41066 15829 6383
internal_value=-1.1694 -1.19531 -1.14132 -1.20892 -1.17644 -1.15557 -1.16573 -1.20198 -1.19882 -1.12497 -1.19639 -1.22989 -1.15859 -1.2281 -1.1831 -1.19169 -1.20428 -1.16633 -1.21965 -1.14549 -1.19519 -1.21234 -1.18446 -1.18742 -1.17113 -1.18109 -1.15247 -1.13794 -1.17605 -1.15088 -1.23773 -1.11637 -1.23197 -1.21636 -1.23938 -1.17333 -1.18255 -1.15896 -1.11552 -1.13257 -1.19612 -1.23026 -1.15713 -1.20047 -1.1978 -1.21116 -1.18727 -1.21977 -1.16902 -1.14582 -1.21363 -1.20642 -1.22462 -1.24671 -1.16646 -1.16184 -1.18492 -1.19575 -1.1824 -1.15668 -1.19399 -1.15906
internal_weight=400836 208442 192394 121118 87324.3 102832 61530.2 25794.1 24910.3 89562.2 75795.3 45322.7 43609.8 44065 17920.4 20497.8 40322.5 49731.1 25182.3 53100.5 20444.1 17930.9 15854 35472.9 16604.6 20172.6 27588.7 25511.8 14423.4 27005.1 7251.37 41975.4 4412.57 4643.73 18882.8 28815.8 7450.46 16082.8 41121.5 47586.8 7979.47 8421.64 853.948 9116.73 8466.33 4226.72 13736 3024.04 20123.9 12772.6 19878.4 8151.89 8814.2 10461.1 17237.6 9154.18 12562.5 15300.2 10499.2 20915.3 7475.13 3924.13
internal_count=1489160 851455 637705 518266 333189 361736 225372 107817 103002 275969 310773 207493 155292 200613 70080 82670 169869 182578 111610 179158 83475 77601 62307 140904 62098 78309 95830 83328 54953 93194 34009 124184 20332 20363 89003 108670 29077 57355 121161 151785 32687 38600 3023 37911 34884 18221 54532 13408 74653 43155 86394 34591 39690 50403 63317 33021 49452 62595 40953 73908 30394 14000
is_linear=0
shrinkage=1


Tree=1
num_leaves=63
num_cat=0
split_feature=0 0 0 1 1 1 0 3 0 0 0 3 1 3 0 1 1 0 3 3 0 0 1 4 1 3 3 2 2 0 0 1 1 26 2 1 1 2 2 0 1 1 2 3 3 0 0 2 0 2 0 3 7 25 1 2 3 26 2 2 2 3
split_gain=92088.7 18542 12663.8 12400.6 6220.23 3198.29 2533.08 2516.5 2296.44 2092.53 1905.1 1800.09 1589.79 1680.84 1268.1 1195.67 1150.22 1040.46 925.348 850.213 841.784 810.053 748.213 689.242 572.349 553.342 547.924 525.049 521.833 517.588 512.347 486.658 475.847 446.761 427.115 409.301 404.641 403.845 373.131 351.837 344.929 327.572 316.298 315.582 311.39 308.613 299.078 289.436 288.047 284.209 278.879 272.243 271.226 256.278 256.06 254.369 240.802 233.332 226.201 221.122 212.103 210.393
threshold=0.010285889329441579 0.0065696005964327037 0.015011489978562409 0.90706214137104857 1.1021074470627947 0.79824318712330355 0.008376892149326012 0.0083681927663629627 0.0047161108036740786 0.0034129336322461616 0.020650798356223923 0.0088888238965212189 0.62543816491415261 0.0054827810487476907 0.0078839772285692524 0.56164629091534846 1.2620956268129009 0.0034129336322461616 0.0054827810487476907 0.010693702689101419 0.012249088333720745 0.0054409919084712462 1.5976714633640547 0.00191632028930205 0.60865058115156623 0.0060087987048355199 0.0056838503135843979 0.0077479119721234344 0.014679277229141753 0.0055323837685674971 0.0086052698363306805 1.4290415924319972 1.2214932418820406 17.646462552364802 0.010843443803404186 1.5483210536285681 1.4721164792310364 -0.0075624396679411223 0.0071263951987141647 0.028795586204010657 0.80649152798960977 0.48910528229121097 0.017710547381567635 0.0038636580042261883 0.014483760767914192 0.0060264455982289447 0.0077802161222282661 0.017710547381567635 0.01293198174961528 -0.0082506420362343773 0.0076451762605167688 0.0049903051481829446 0.010047471128809883 39.659407384043142 0.77829469804250884 0.011074281803477139 0.0036983319437958718 -7.9496306874092957 0.013616931061119166 -0.010252059889634844 0.012403259729287021 0.0042058272018679222
decision_type=2 2 2 2 2 2 2 2 2 2 2 2 2 2 2 2 2 2 2 2 2 2 2 2 2 2 2 2 2 2 2 2 2 2 2 2 2 2 2 2 2 2 2 2 2 2 2 2 2 2 2 2 2 2 2 2 2 2 2 2 2 2
left_child=1 4 5 6 9 20 15 16 17 -1 40 23 43 21 35 -3 28 -6 34 32 41 38 -16 31 61 60 53 37 30 -15 51 58 47 39 49 -9 48 -23 52 -12 -4 -2 46 45 -24 -11 -18 -7 -21 -17 -20 -5 56 -19 -39 57 -14 -43 59 -10 -26 -8
right_child=2 3 10 7 8 19 24 14 11 12 33 -13 13 29 22 18 42 26 50 36 -22 27 44 -25 25 -27 -28 -29 -30 -31 -32 -33 -34 -35 -36 -37 -38 54 -40 -41 -42 55 -44 -45 -46 -47 -48 -49 -50 -51 -52 -53 -54 -55 -56 -57 -58 -59 -60 -61 -62 -63
leaf_value=-0.041372763467419298 0.059287154367778865 0.027467646199223157 0.09886454051381327 0.078623885016108452 -0.040883404957466903 0.095533878194778765 0.060815210745666107 0.03618309819137399 0.0089484741859798666 0.0083510563720708263 0.11448450482752584 0.016486862477873707 0.030154741706179846 -0.012997121595263325 0.063078435088889301 0.034102644429702469 0.084992838135688961 0.016796919865994863 0.029756897038053249 0.07709699311671997 0.082216472909960203 0.013294138355079513 0.092857102535569655 -0.0007495279970369692 0.075323467411213138 0.056028099190826401 -0.014307906085508552 0.0095567851735667234 0.037812048075136336 0.015650872341945864 0.087835719930813697 0.070966455857784369 0.10694288484621083 0.08342611835721149 0.021297546083947294 0.061462430392038192 0.095217169370752752 0.040867015784936546 -0.013078389783982975 0.1233899725212206 0.10713657713014171 0.060397523719351302 0.044494874714055291 -0.00054750239651356596 0.069952789071349372 0.029468986151375016 0.096326228795651503 0.069837103986791854 0.090072571278071265 0.059031250343081168 0.043655941522393819 0.063307756783198846 0.053489323485991502 0.047412844144675913 0.057726022613662546 0.058934370625755433 0.011638779290683004 0.077781849225946498 -0.015749570228689239 0.056564840605954902 0.043724763307968664 0.047173838027303107
leaf_weight=1427.4988738298416 6738.9053509235382 14974.121889144182 24075.169869035482 5150.5740330517292 663.58527538180351 13312.985700368881 3518.4653419405222 4426.7463745623827 254.75521889328957 6928.4644589722157 30582.431822568178 2386.4507804811001 5120.1309668421745 2194.9340047836304 11985.855984061956 1268.4506040811539 10311.313801810145 1069.8598101884127 7863.9655475914478 10454.730460673571 21708.286593049765 792.17398509383202 3977.7088279724121 415.36912339925766 6937.239519149065 13741.726158946753 650.8599911481142 1000.467480391264 937.29197716712952 5597.2048942744732 6109.6190670579672 10505.308298751712 11790.083365336061 969.20314545929432 919.45290429890156 2508.6307686120272 9457.1713271588087 3941.7936709076166 631.43972094357014 17401.8407420367 26444.644596874714 2295.5785602480173 365.09737151861191 6836.8080368489027 2366.9176657646894 2305.7692731618881 13367.573059335351 1194.0980676412582 7238.3716666549444 11593.828672960401 6670.0762465000153 6643.8603440374136 853.8133215457201 1892.8771508336067 5254.6435378789902 2964.881318718195 2672.4344426542521 12126.425179988146 116.77993176877499 5677.056319758296 575.09049306809902 14372.941930934787
leaf_count=7989 25566 65267 74396 17921 3706 42053 13282 18512 1167 32631 86099 10824 22096 11071 44606 5342 34514 4885 33835 36401 73575 3601 12805 1961 24499 52842 3282 4598 3814 25564 20284 37826 34782 3258 4045 9458 29949 16237 3127 46167 77876 8654 1422 33230 8533 9990 42013 4254 23391 44369 27281 24768 3406 7626 20302 11192 12337 42147 575 21979 2292 57686
internal_value=0.0727344 0.0504307 0.0973971 0.0602751 0.0290054 0.084764 0.0472291 0.0760555 0.0498202 0.0182078 0.110006 0.057147 0.0201351 0.0273173 0.0635379 0.0388945 0.0834302 0.016664 0.0449373 0.0930745 0.0750731 0.0349054 0.070428 0.0628651 0.0564461 0.0619931 0.0272318 0.0440903 0.0741799 0.00758114 0.0760838 0.0644613 0.0994822 0.117035 0.0542194 0.045327 0.0868681 0.0475492 0.0240263 0.117714 0.103195 0.0686455 0.0906788 0.00759537 0.0843125 0.0136242 0.0913909 0.0934187 0.0824054 0.0565728 0.0361356 0.0699962 0.026736 0.0363573 0.0504999 0.0722727 0.0238048 0.0750148 0.0531632 0.0545198 0.0729045 0.0498565
internal_weight=418532 219777 198755 150587 69190.5 99281.5 82435.4 68151.2 23632.9 45557.6 99473.3 19355.7 44130.1 28059 25265.9 43289.9 42885.3 4277.18 28315.8 53447.4 45834.1 20266.9 18330.5 16969.3 39145.5 21254.1 3613.6 10989.1 18841.3 7792.14 17904.1 16553.9 26297.2 48953.5 13781.7 6935.38 27150.3 9988.61 9277.82 47984.3 50519.8 24125.8 24044 16071 6344.63 9234.23 23678.9 14507.1 17693.1 12862.3 14534 11794.4 8646.38 2962.74 9196.44 17386.9 7792.57 14422 6048.59 5931.81 7512.33 17891.4
internal_count=1489160 869400 619760 569390 300010 331964 330740 238650 93831 206179 287796 74332 198190 122339 93914 180139 144736 19499 114872 170830 161134 85704 65944 63508 150601 79633 15793 44738 66787 36635 62973 61547 81089 135524 53756 27970 89741 40140 40966 132266 152272 87559 77949 75851 21338 42621 76527 46307 59792 49711 61116 42689 37839 12511 36539 61993 34433 50801 23721 23146 26791 70968
is_linear=0
shrinkage=0.05


Tree=2
num_leaves=63
num_cat=0
split_feature=0 0 1 0 0 1 3 1 0 0 0 0 3 3 1 1 3 3 0 0 2 0 2 0 2 1 0 3 0 1 1 2 0 8 0 3 3 0 0 0 12 2 1 9 3 1 1 4 4 1 2 3 1 3 2 3 17 1 0 1 3 3
split_gain=75151.9 14742.4 13283.8 7388.24 4831.86 4279.55 2084.19 1937.5 1710.38 1627.29 1605.11 1576.81 1440.91 1251.79 1015.48 1003.11 1204.87 997.903 932.842 926.692 755.39 585.823 515.705 508.53 493.597 491.364 483.567 468.672 457.933 455.712 450.554 437.729 431.865 389.295 377.803 364.902 351.037 350.442 345.721 320.991 314.298 305.839 292.849 287.835 276.871 276.729 261.238 259.925 246.915 318.507 244.692 240.244 239.467 236.33 234.936 233.425 215.077 213.652 204.362 203.944 199.747 185.245
threshold=0.0092536997054277811 0.014733835965020878 1.0186798065102118 0.0063239260655680611 0.0057103072359212291 0.95935772928256491 0.0093794552026613826 0.65602952661319713 0.0034129336322461616 0.019720807389715586 0.011020849825107697 0.0034129336322461616 0.0061330049152114085 0.0072171698237491677 1.3903062096043637 0.57502419476682898 0.0042415895573644615 0.014015012443960131 0.0074432218455179359 0.0077439700410261202 0.01267770325057216 0.0077439700410261202 0.014679277229141753 0.0072772956756167921 0.006990412852234896 0.60526769462608676 0.0047983131297113695 0.0074680597701129578 0.0047983131297113695 0.58504365225104282 1.2516063992339459 -0.0082506420362343773 0.0053899410102451551 60.527304269339346 0.011516243534044764 0.0047251045990719257 0.0067415558886601895 0.0075099796979844402 0.0069119583039613216 0.027083195994255269 0.11724051506324525 0.014679277229141753 0.84518944028874332 6.3677449941635151 0.0061728609075532249 1.6708512911187243 0.51198561353640304 0.00191632028930205 0.0012077571502281381 1.7299202475830611 -0.013901131987799796 0.0076258780091489039 0.75560580734184091 0.0039791112805956678 0.019455582105057937 0.0081344423858390452 -0.40183707417474762 1.9473553730460691 0.011646868037451413 0.51198561353640304 0.013418060247305404 0.0046172810621394117
decision_type=2 2 2 2 2 2 2 2 2 2 2 2 2 2 2 2 2 2 2 2 2 2 2 2 2 2 2 2 2 2 2 2 2 2 2 2 2 2 2 2 2 2 2 2 2 2 2 2 2 2 2 2 2 2 2 2 2 2 2 2 2 2
left_child=2 5 3 11 8 10 14 19 -4 42 25 -1 26 20 22 -13 24 30 57 35 31 -15 23 36 28 -2 40 -27 -17 43 55 -9 -18 39 -19 59 -6 53 47 -11 -10 51 -3 -12 -34 -20 -21 -16 49 -14 -25 -31 -30 -33 -32 -7 -35 -8 -57 -5 -44 -48
right_child=1 9 4 7 6 17 18 13 12 33 29 15 48 21 38 16 32 34 45 46 -22 -23 -24 50 -26 27 -28 -29 52 41 54 37 44 56 -36 -37 -38 -39 -40 -41 -42 -43 60 -45 -46 -47 61 -49 -50 -51 -52 -53 -54 -55 -56 58 -58 -59 -60 -61 -62 -63
leaf_value=-0.04069994118464304 0.051565726926159697 0.088227075773972985 -0.039133675409807826 0.024026146665882549 0.060283738257118462 0.088824083703264556 0.0242711585867239 0.039107887310630973 0.0090057512215747666 0.10320546922966796 0.089431700038361206 0.002652665690067486 0.00080319409706448668 0.023816851201487951 0.071417738242271572 0.01860536028304776 -0.0064097655138131582 0.065517359567909231 0.051474312916921464 0.034042311898262907 0.021441740094339353 0.044360938485052862 0.021528232190794621 0.036964254839583759 -0.0022296538972370892 0.071577624880573093 0.054000796865836767 0.056387316515711307 0.031503130803012848 0.086508995417222179 0.094486471258843865 0.06276262357710248 0.023693898899437574 0.078434378146860842 0.080632765913042123 0.017239217627383223 0.034332683130254942 0.065139272289924763 0.082408577227083196 0.11242288533471474 0.040716513299143386 0.064143621759927036 0.1016118784234831 0.064724340897377705 0.0040324913059598191 0.069658623412338902 0.05663792529103804 0.0081577475227489985 -0.019002792395931764 0.040267840788007984 0.074002368795389586 0.075543690661880325 0.047614506318351173 0.047366271879197362 0.071480504741963047 0.069283910148054267 0.099792895918324631 0.050509652338497794 0.08502395103614635 0.038823046293714858 0.092366224665231991 0.041551866950519989
leaf_weight=1288.2748020887375 14902.159825623035 25904.238631561399 753.76429960131645 4672.7428568303585 6838.0567019432783 7360.3032517135143 3442.2919148951769 3133.675843372941 1058.7703238427639 22397.650091677904 1268.2475369870663 10463.553775757551 1418.3248813301325 5662.1977103352547 9154.1977512836456 3702.060258641839 3345.9381734132767 7048.0798594504595 5662.2596680819988 9217.1772646456957 1622.3964495658875 8962.7939892858267 734.4454353004694 468.97207951545715 1047.16328163445 9561.4426157474518 7235.6683592945337 10828.510841920972 4692.7540178745985 7192.9281323850155 21988.513469278812 3804.8136172145605 4182.5230691432953 1261.2707072198391 9998.3357670903206 8891.5384840518236 1609.9116789400578 11544.875984624028 16010.77131728828 16333.069564878941 2982.6199309676886 4130.8008833378553 9316.7740955501795 16708.537808179855 3130.9168763160706 3318.2911661118269 2786.6282385736704 165.31135222315788 701.60522212088108 799.43080319464207 9073.6570789068937 16348.435162931681 4535.2172521799803 7225.9445430785418 1168.6869176626205 4442.5941710323095 17997.908797577024 1001.5712423473597 3848.7017385214567 4642.0548701584339 15662.247851848602 7542.724796667695
leaf_count=7392 55791 76738 4303 20204 24506 22074 14783 12389 4895 59748 3911 49929 6673 24329 30711 16351 16490 24048 21135 37749 6894 34767 3071 1798 4997 32066 26640 39179 19783 22111 63134 13595 18133 3821 31227 39418 6539 40409 49627 40523 11939 14147 25398 57581 14796 11115 10280 736 3574 3221 29806 52889 17665 27830 3777 14898 48633 3858 11767 18712 44744 29913
internal_value=0.0665256 0.0847481 0.0427799 0.0322968 0.0595833 0.0738211 0.0661695 0.0408191 0.0342611 0.0984777 0.0664746 0.0136286 0.038158 0.0482136 0.0714252 0.0156227 0.0211312 0.084467 0.0489218 0.0326012 0.0545312 0.0364071 0.0625961 0.0642727 0.0307874 0.0584668 0.0462628 0.0635105 0.0334614 0.0726656 0.0888963 0.0566193 0.00846944 0.104204 0.0743831 0.0244843 0.0553383 0.05905 0.077952 0.107093 0.0324089 0.0766922 0.0919519 0.0664674 0.0152768 0.0581934 0.0401615 0.0702956 0.00685016 0.015029 0.0721821 0.0788941 0.0394213 0.0526769 0.0933254 0.0823433 0.0983941 0.0301849 0.0765902 0.0314002 0.0958147 0.0456217
internal_weight=434197 245669 188528 116098 72429.9 136796 57479.7 79709.6 14950.2 108873 80941.1 36388.4 14196.4 41956.7 44055.3 35100.1 24636.6 55855.2 13424.4 37752.9 27331.7 14625 18725 17990.6 13977.2 35292.1 11277.1 20390 12930 45648.9 38808.8 25709.3 10659.4 57989.9 17046.4 18206.3 8447.97 22575.6 25330.3 38730.7 4041.39 27672.2 50883.3 17976.8 7313.44 8980.55 19546.5 9319.51 2919.36 2217.76 9542.63 23541.4 9227.97 11030.8 23157.2 15651.6 19259.2 4443.86 8291.3 9314.8 24979 10329.4
internal_count=1489160 748205 740955 482025 258930 448600 197685 316489 61245 299605 277675 165536 56942 160213 146794 158144 108215 170925 50891 156276 101117 59096 65720 62649 58796 127036 43474 71245 53799 150639 115650 94223 49419 152725 55275 78334 31045 81834 81074 100271 16834 89147 146880 61492 32929 32250 77942 31447 13468 9894 31604 75000 37448 41425 66911 48739 52454 18641 26665 38916 70142 40193
is_linear=0
shrinkage=0.05


end of trees

feature_importances:
atr_pct=58
vol_ratio=45
hl_ratio=42
ret_3=19
STOCHh_14_3_3=10
gap=4
ATRr_14=2
ret_6=1
STOCHk_14_3_3=1
BBM_20_2.0_2.0=1
MACD_12_26_9=1
BBU_20_2.0_2.0=1
MACDh_12_26_9=1

parameters:
[boosting: gbdt]
[objective: binary]
[metric: binary_logloss]
[tree_learner: serial]
[device_type: cpu]
[data_sample_strategy: bagging]
[data: ]
[valid: ]
[num_iterations: 1000]
[learning_rate: 0.05]
[num_leaves: 63]
[num_threads: -1]
[seed: 0]
[deterministic: 0]
[force_col_wise: 0]
[force_row_wise: 0]
[histogram_pool_size: -1]
[max_depth: -1]
[min_data_in_leaf: 20]
[min_sum_hessian_in_leaf: 0.001]
[bagging_fraction: 0.8]
[pos_bagging_fraction: 1]
[neg_bagging_fraction: 1]
[bagging_freq: 5]
[bagging_seed: 3]
[bagging_by_query: 0]
[feature_fraction: 0.8]
[feature_fraction_bynode: 1]
[feature_fraction_seed: 2]
[extra_trees: 0]
[extra_seed: 6]
[early_stopping_round: 0]
[early_stopping_min_delta: 0]
[first_metric_only: 0]
[max_delta_step: 0]
[lambda_l1: 0]
[lambda_l2: 0]
[linear_lambda: 0]
[min_gain_to_split: 0]
[drop_rate: 0.1]
[max_drop: 50]
[skip_drop: 0.5]
[xgboost_dart_mode: 0]
[uniform_drop: 0]
[drop_seed: 4]
[top_rate: 0.2]
[other_rate: 0.1]
[min_data_per_group: 100]
[max_cat_threshold: 32]
[cat_l2: 10]
[cat_smooth: 10]
[max_cat_to_onehot: 4]
[top_k: 20]
[monotone_constraints: ]
[monotone_constraints_method: basic]
[monotone_penalty: 0]
[feature_contri: ]
[forcedsplits_filename: ]
[refit_decay_rate: 0.9]
[cegb_tradeoff: 1]
[cegb_penalty_split: 0]
[cegb_penalty_feature_lazy: ]
[cegb_penalty_feature_coupled: ]
[path_smooth: 0]
[interaction_constraints: ]
[verbosity: -1]
[saved_feature_importance_type: 0]
[use_quantized_grad: 0]
[num_grad_quant_bins: 4]
[quant_train_renew_leaf: 0]
[stochastic_rounding: 1]
[linear_tree: 0]
[max_bin: 255]
[max_bin_by_feature: ]
[min_data_in_bin: 3]
[bin_construct_sample_cnt: 200000]
[data_random_seed: 1]
[is_enable_sparse: 1]
[enable_bundle: 1]
[use_missing: 1]
[zero_as_missing: 0]
[feature_pre_filter: 1]
[pre_partition: 0]
[two_round: 0]
[header: 0]
[label_column: ]
[weight_column: ]
[group_column: ]
[ignore_column: ]
[categorical_feature: ]
[forcedbins_filename: ]
[precise_float_parser: 0]
[parser_config_file: ]
[objective_seed: 5]
[num_class: 1]
[is_unbalance: 1]
[scale_pos_weight: 1]
[sigmoid: 1]
[boost_from_average: 1]
[reg_sqrt: 0]
[alpha: 0.9]
[fair_c: 1]
[poisson_max_delta_step: 0.7]
[tweedie_variance_power: 1.5]
[lambdarank_truncation_level: 30]
[lambdarank_norm: 1]
[label_gain: ]
[lambdarank_position_bias_regularization: 0]
[eval_at: ]
[multi_error_top_k: 1]
[auc_mu_weights: ]
[num_machines: 1]
[local_listen_port: 12400]
[time_out: 120]
[machine_list_filename: ]
[machines: ]
[gpu_platform_id: -1]
[gpu_device_id: -1]
[gpu_use_dp: 0]
[num_gpu: 1]

end of parameters

pandas_categorical:[]
