tree
version=v4
num_class=1
num_tree_per_iteration=1
label_index=0
max_feature_idx=29
objective=binary sigmoid:1
feature_names=atr_pct BBB_20_2.0_2.0 ret_1 close_pos ret_3 hl_ratio vol_ratio gap STOCHh_14_3_3 DMN_14 ADX_14 EMA_9 ATRr_14 price_to_ema21 BBM_20_2.0_2.0 EMA_50 RSI_14 BBL_20_2.0_2.0 BBU_20_2.0_2.0 EMA_21 BBP_20_2.0_2.0 DMP_14 STOCHd_14_3_3 MACDh_12_26_9 ret_6 MACD_12_26_9 ADXR_14_2 OBV STOCHk_14_3_3 MACDs_12_26_9
feature_infos=[0.00083638490391938121:0.57076621808091488] [0.094806601457223694:594.34447942414658] [-0.61430679518951492:7.1967211955323602] [0:0.99999999999947964] [-0.70875364554486819:7.1967211955323602] [0:1.1474654013108825] [0:10.495400275757614] [-0.59859153133068099:3.8749997167770216] [-33.244398940664247:33.333333333333329] [0.092842994598272707:78.644176608616007] [4.4786311246790111:82.294895483590309] [0.15662840531210109:70619.068183003881] [0.0029952661040637059:3325.6969636621448] [0.22110634008507377:4.6995459818566667] [0.15469500385224821:71931.705468750006] [0.14914829957001174:73734.198124999995] [5.4646458120741572:99.749401378083391] [-523.84572326159923:68442.070943927902] [0.17806359072884437:75421.33999357211] [0.15985117042074462:71706.206198746295] [-0.55810679330683366:1.5611998042655348] [1.2810167990344759:95.428316138603677] [0:99.999999999999986] [-1190.0689179037204:1123.9763205054182] [-0.8466487671368077:27.708205225370623] [-3239.3634149388599:1673.234939603044] [4.4969024553981409:82.207090742417151] [-555246655:2801536590] [0:99.999999999999986] [-3587.7090810283471:1291.9390337370764]
tree_sizes=6985 7003 7015 7017 7039 7032

Tree=0
num_leaves=63
num_cat=0
split_feature=0 0 0 3 0 0 4 1 0 0 3 3 3 3 5 7 4 7 17 3 3 18 7 8 5 0 0 5 5 0 8 12 1 7 5 7 3 7 1 3 0 9 1 13 0 13 7 24 8 5 5 9 3 8 8 0 7 1 8 0 13 22
split_gain=137769 23573.1 12891 5120.08 2672.29 2601.53 1386.32 1230.54 1228.69 1059.81 645.085 641.862 545.592 494.531 490.344 966.678 441.51 437.224 415.67 376.431 372.683 361.837 337.23 319.381 319.34 301.032 265.808 255.38 244.773 238.318 232.687 222.58 215.088 207.681 207.627 259.221 201.887 191.195 187.778 178.639 177.439 175.708 173.378 165.836 153.242 143.261 145.955 137.055 129.914 129.111 123.8 123.095 119.802 115.047 115.046 114.812 113.73 113.144 109.436 107.56 107.344 105.63
threshold=0.0077660453347215231 0.015227850982747539 0.0052068124029616249 0.44444404951671657 0.0099693892517908923 0.02316750979074091 -0.025510229940928993 11.046731076254863 0.0039581885260819285 0.0062049239532842772 0.99999990099835745 0.27999877761688236 0.010001668181519508 0.9999999777780515 0.011392939581381911 0.015919360574812694 -0.0040845450340011294 -0.014577252542592593 25.103485935882791 1.0000000180025095e-35 0.080697475717509085 24.696072300177889 -0.021739109953036056 6.382468217535556 0.041609043229589568 0.011765287687243177 0.011412087124199425 0.023346281829982121 0.031644353788412655 0.022830446004988864 6.7890849736822299 0.10325447146218805 1.2948377723675957 -0.0105493687443133 0.0042363970443077435 0.012009873089523131 0.07128513550265482 -0.010135143660915202 3.5863175264182794 0.85715257937204081 0.021035572799485546 23.042860006109404 3.6339782389021607 0.97703453820798347 0.034428933762257308 1.1044174547239669 -0.033855703285057985 0.013284766949268835 5.4609797473675785 0.045067650488344442 0.020370344657957173 33.057723746236015 1.0000000180025095e-35 1.0770991427061285 3.0543416322385117 0.031967484850522955 -0.0080539899145455271 8.1750331419683686 6.9311129531216205 0.017914390970642138 0.96907893514052079 89.190076204083141
decision_type=2 2 2 2 2 2 2 2 2 2 2 2 2 2 2 2 2 2 2 2 2 2 2 2 2 2 2 2 2 2 2 2 2 2 2 2 2 2 2 2 2 2 2 2 2 2 2 2 2 2 2 2 2 2 2 2 2 2 2 2 2 2
left_child=2 4 8 5 30 16 12 10 32 21 40 26 22 29 15 17 19 -8 38 33 28 41 -7 31 -24 -13 54 57 -16 -9 36 -11 -1 -3 35 56 51 -28 48 -27 -5 61 -33 -17 -14 46 -31 -38 -10 -15 -35 -2 -43 -39 -6 -22 -18 -12 -19 -36 -48 -4
right_child=1 3 9 7 11 6 14 13 18 23 27 25 44 49 20 43 34 58 -20 -21 55 -23 24 -25 -26 39 37 -29 -30 45 -32 42 -34 50 59 -37 47 53 -40 -41 -42 52 -44 -45 -46 -47 60 -49 -50 -51 -52 -53 -54 -55 -56 -57 -58 -59 -60 -61 -62 -63
leaf_value=-1.0026072623971938 -0.90807118774284601 -0.84244925974609042 -0.96865646127562055 -0.88363690000145823 -0.8931843459931158 -0.81953141672143792 -0.84284445564478139 -0.8785240807807928 -0.97778357009778527 -0.93746245966962549 -0.89320869579018891 -0.90455240177033081 -0.86001856652323316 -0.88048934683025026 -0.85747116427101866 -0.86731836732688117 -0.8626049924050907 -0.8669813253600327 -0.93827855362026569 -0.87359857657101558 -0.86679597828542365 -0.9350479296578772 -0.84860389337260866 -0.94700743531307841 -0.82741325907487018 -0.89213614204120573 -0.86236424715766791 -0.90488766547623434 -0.84347025612530568 -0.85283208105486485 -0.92367733125741502 -0.92940200067954226 -0.99064562243488008 -0.8667641340845833 -0.88158756999399068 -0.91725367875435271 -0.91624815050780672 -0.88332428794739726 -0.95516085820558017 -0.9011322374922679 -0.87682187650253152 -0.93463293944698689 -0.91481939762975228 -0.90922211221082661 -0.84991823798590926 -0.85977961254339841 -0.86639348692846985 -0.90406856125791835 -0.99125997885499917 -0.89584446651997351 -0.85220637265375632 -0.8922747079782527 -0.95580425402686797 -0.8923134513489297 -0.90916579218125138 -0.85964220448447515 -0.88763848145369428 -0.88169983052922196 -0.88269495457572256 -0.87253820946344651 -0.87242190774651551 -0.94267486401162182
leaf_weight=9484.3305190205574 4093.5262648463249 1352.2342723608017 3422.9827045500278 18092.245169967413 5461.0982031822205 1794.4686816334724 1898.9607482850552 7621.2680183947086 8437.7087212502956 4814.2286712527275 5534.9746999442577 13425.368792921305 6124.7611470520496 6553.5327546298504 8748.7456615567207 275.87686571478844 561.70658984780312 7585.4325681328773 665.64997491240501 13059.347890973091 10442.964959025383 2150.8680982887745 6965.2834833562374 2933.3304841816425 2387.2377042174339 16028.402821689844 894.28394901752472 3378.2024716734886 4853.507015645504 1213.5584492385387 4556.3158709704876 5596.4064631164074 6224.6945630013943 6610.2052181065083 5149.1296554505825 672.61055099964142 13379.311199247837 11550.195805370808 775.51583650708199 8415.7873256504536 20231.590859055519 915.00291001796722 3205.9156160950661 1637.9414582848549 9707.1268626451492 3911.0073204040527 10892.136732697487 2791.7285012602806 2269.2853046655655 1730.4588893055916 1874.5474072396755 1765.0270647704601 2477.3229987025261 5144.9054622352123 1418.6338846981525 12115.651054441929 2359.6803261935711 3477.0897405147552 1297.550215959549 9063.4312252998352 22929.017538845539 441.67303016781807
leaf_count=45606 14950 3853 15038 60667 18950 4610 5420 25079 38011 19313 19208 48453 18768 21723 26536 870 1739 23890 2677 42187 32866 8565 20371 12110 6363 55413 2766 12206 13890 3612 17510 21899 29021 20801 17137 2532 50201 38686 3279 30021 66154 3639 11973 6005 28546 11973 34226 10059 10597 6061 5565 6105 10494 17798 5200 37070 8028 11577 4336 29161 73740 1800
internal_value=-0.891145 -0.878365 -0.965011 -0.869655 -0.900119 -0.86243 -0.856957 -0.877631 -0.988633 -0.93966 -0.883246 -0.894459 -0.847859 -0.872441 -0.86198 -0.870434 -0.872627 -0.864621 -0.976692 -0.868034 -0.859012 -0.95306 -0.839386 -0.932042 -0.843195 -0.898537 -0.888147 -0.893163 -0.852475 -0.870438 -0.913392 -0.928818 -0.997867 -0.860648 -0.878532 -0.889268 -0.911264 -0.884888 -0.978919 -0.895233 -0.880039 -0.958398 -0.924091 -0.903182 -0.853826 -0.868856 -0.869869 -0.914145 -0.98064 -0.883697 -0.863548 -0.903312 -0.950094 -0.886094 -0.89648 -0.862954 -0.882825 -0.888768 -0.869277 -0.875817 -0.87048 -0.965687
internal_weight=364843 311028 53814.9 222103 88924.6 116538 75835.5 105565 27857.2 25957.7 50714.1 62338.7 26978.9 54851 48856.6 12695.8 40702.9 10781.9 12148.2 22896.3 36160.9 9407.85 11147 16549.9 9352.52 37869.6 24469.1 12390.3 13602.3 46567 26585.9 13616.6 15709 9836.99 17806.6 3594 22029.6 17589.4 11482.5 24444.2 38323.8 7256.98 8802.32 1913.82 15831.9 38945.7 35034.7 16171 10707 8283.99 8484.75 5858.55 3392.33 16695.1 6879.73 22558.6 2921.39 9012.06 8882.98 14212.6 33821.2 3864.66
internal_count=1256904 1022882 234022 706770 316112 360544 229541 346226 129191 104831 169812 217287 78658 176414 150883 40521 131003 33646 54564 72406 110362 39536 31344 65295 26734 133887 83400 42991 40426 148630 98825 53185 74627 30219 58597 12299 81315 59250 51887 85434 126821 30971 33872 6875 47314 123551 111578 60260 48608 27784 26366 21055 14133 56484 24150 69936 9767 30785 28226 46298 107966 16838
is_linear=0
shrinkage=1


Tree=1
num_leaves=63
num_cat=0
split_feature=0 0 0 2 0 3 0 0 3 0 3 2 3 5 2 1 17 2 15 8 0 2 5 1 0 8 1 2 2 1 0 1 9 23 3 0 4 0 1 5 3 24 3 8 2 3 9 3 3 1 1 3 9 18 4 8 15 9 9 20 8 8
split_gain=118879 19582.9 11939.2 5502.38 2277.09 1881.66 1443.63 1184.97 1087.23 951.132 540.855 493.304 433.541 454.158 654.954 413.892 411.169 377.323 328.206 284.402 263.449 255.073 245.373 259.159 230.418 227.322 206.314 204.739 199.305 182.957 178.038 174.201 170.804 161.379 159.289 154.474 151.775 146.898 139.153 135.895 132.776 131.06 123.663 122.461 122.262 121.802 121.12 119.268 113.047 112.754 110.54 104.035 102.945 96.6511 95.1635 94.5789 94.2901 93.6389 92.9547 90.9864 90.9486 90.306
threshold=0.0077660453347215231 0.015227850982747539 0.0052068124029616249 -0.016300903770725014 0.0099693892517908923 0.95237964805647757 0.022483084649417336 0.0037518416587526862 0.010001668181519508 0.0062049239532842772 0.26909118383229441 -0.03610053942322277 0.44444404951671657 0.0079645301002491675 0.022682121253083002 8.1121819532446207 25.103485935882791 -0.038616647564055577 23.905008752946134 6.382468217535556 0.01273978960443335 -0.0070135062890802615 0.019942000745580498 17.32695219904625 0.01250329334901878 3.8749285817572958 2.2262529365058508 -0.0057457870833031435 0.0012015332826650351 13.030657307376332 0.027310115326077151 3.5328700170581984 26.069701652244621 0.020548563857325692 0.11999562712405275 0.03513592248268322 -0.008118323108261492 0.018061034605996715 1.5566204747175172 0.026315722692856851 0.030639226291170774 0.013671409043530149 0.92307522424828214 3.0543416322385117 0.0043795996643650756 1.0000000180025095e-35 30.246397817832214 0.085011135169884372 0.99999998420222291 1.9679389263420897 2.0743289617978937 0.11999562712405275 35.583122004164188 20.134415921084884 -0.025510229940928993 5.3560080174858848 64.681855883203397 37.065738649568367 32.71656419729814 0.86068851219583109 2.1759003225271583 3.9681004526218477
decision_type=2 2 2 2 2 2 2 2 2 2 2 2 2 2 2 2 2 2 2 2 2 2 2 2 2 2 2 2 2 2 2 2 2 2 2 2 2 2 2 2 2 2 2 2 2 2 2 2 2 2 2 2 2 2 2 2 2 2 2 2 2 2
left_child=2 4 7 8 27 6 21 38 11 18 24 -3 13 14 25 39 26 -10 34 28 48 45 -17 -24 43 54 47 40 32 56 -19 -29 41 -30 52 51 -16 -23 -1 -7 58 53 -22 57 46 -5 -26 -9 -12 -36 -20 -15 -4 -11 -8 -39 -14 -6 -2 -31 -52 -33
right_child=1 3 9 5 10 15 12 16 17 19 20 -13 29 35 36 22 -18 30 50 -21 42 37 23 -25 44 -27 -28 31 33 59 -32 61 -34 -35 49 -37 -38 55 -40 -41 -42 -43 -44 -45 -46 -47 -48 -49 -50 -51 60 -53 -54 -55 -56 -57 -58 -59 -60 -61 -62 -63
leaf_value=-0.055107557021042655 0.041279464263006604 0.10876747030706871 -0.0047823154842602123 0.074922654319433277 0.048985904590867185 0.049265647941190933 0.084941719361620274 -0.027647008718674683 0.089380918714842952 0.0033998618006157292 0.041734819696270013 0.090317354547954698 0.065730258666511818 0.079466328448840814 0.06431806379183351 0.06411534489130935 0.0061813574207615421 0.069201411032913884 -0.0060334829075164055 -0.001108273498002402 0.051061320694362623 0.057218439307132191 0.047560334657366692 0.063234548942920354 0.056061693990774576 0.057269318211837617 -0.023223209357813485 0.023272106361887201 0.0012908787255006627 0.069883300913495858 0.079498823801853385 0.034702191796914549 0.027233278490587126 0.02231373029800697 -0.026378394884372405 0.081967802903242043 0.025838993294918573 0.064681464313017731 -0.043229134020580554 0.033372121829304623 0.032106493581429696 0.037380296672259054 0.041708893253562175 0.038766638726036272 0.041018830141291235 0.064822858448005283 0.06689762549408422 -0.0403779486646599 0.031085488635236816 -0.011077901066596474 0.026260347473019974 0.072858620112718916 0.02752729401476546 0.018458355938007567 0.072067230748520117 0.057549075749885416 0.045192765101380636 0.062361661752842072 0.063494365818762902 0.076811811749429124 0.00029330210206899123 0.02555324624624088
leaf_weight=9999.9724670052528 1205.1995883285999 5236.0621719062328 1676.8067607730627 4732.717901840806 8029.5128376334906 7950.3121530413628 1937.9696473330259 2470.2118492424488 7251.86389516294 2178.8467580974102 18292.100233882666 11759.378089144826 18926.957211405039 10057.982406258583 335.19097845256329 11465.853061392903 693.8503425270319 6425.9407021105289 743.3819555491209 2931.8232668191195 13036.410396769643 19015.752397686243 6752.8726443052292 4326.894078746438 7745.8476753979921 2247.1856229454279 3682.7262653559446 9337.7121957838535 3167.2031077444553 20155.112532481551 12104.299335762858 9713.2871027737856 4485.3158678412437 1282.5031722187996 1915.0680788904428 15147.431625023484 1088.3643984645605 19798.018238604069 3272.3685567378998 1618.7870470583439 2199.5881422460079 518.77916945517063 4849.3049582540989 2513.181178689003 950.66769880056381 8084.5158250331879 3865.8974479585886 7207.2809591293335 2885.1016037911177 3243.3299905210733 1001.7676756232977 14609.122056424618 289.03171072900295 2085.492746040225 5533.9778290987015 6073.9635871946812 575.87499688565731 1563.1875800341368 772.86656206846237 6194.8584313988686 508.30053052306175 3734.1053489744663
leaf_count=49254 4245 13244 7027 14261 27154 26884 5531 11223 20409 8815 63974 32775 59543 29569 1059 36355 2793 19879 3097 12110 43866 62027 22913 13783 25458 7316 16470 35082 12861 62120 35616 35037 16772 4860 8582 43961 4030 62618 15558 5822 8022 1871 16964 8884 3305 25528 12172 33893 10483 13892 3775 44356 1086 8006 16904 19783 1956 5027 2486 18528 2077 13953
internal_value=0.0507165 0.0622336 -0.0183813 0.0700095 0.0425647 0.0663022 0.068591 -0.0414647 0.0861837 0.0058539 0.0477179 0.0960016 0.0723223 0.0754963 0.0665736 0.0552898 -0.0313464 0.0797119 -0.00688206 0.0130271 0.0440576 0.0623311 0.0589877 0.0536815 0.0535142 0.0712129 -0.0332954 0.0303842 0.0160481 0.068795 0.0759279 0.0285186 0.020224 0.00735013 -0.0121428 0.0779935 0.0348993 0.0605548 -0.0521789 0.046577 0.0405595 0.0136511 0.0485256 0.0485915 0.0582579 0.0685522 0.0596693 -0.0371283 0.040284 -0.0167582 0.00974979 0.0755529 -3.19243e-05 0.0107643 0.0754064 0.063007 0.0651238 0.0511656 0.0499592 0.0715122 0.0175196 0.0321617
internal_weight=373455 320101 53354.1 229407 90694 186630 154515 27326.4 42777.5 26027.7 63731.2 16995.4 96810 50957.2 11142.7 32114.7 14054.1 25782.1 9377.69 16650 39062.9 57705 22545.6 11079.8 24668.3 9719.13 13360.2 26962.8 13718.1 45852.8 18530.2 22785.1 9268.43 4449.71 7124.24 39814.5 1423.56 44887.7 13272.3 9569.1 4177.65 4783.12 17885.7 12105.9 12562.4 12817.2 11611.7 9677.49 21177.2 5158.4 2253.45 24667.1 1965.84 4264.34 7471.95 25872 19502.8 9592.7 1978.07 26350 1510.07 13447.4
internal_count=1256904 1022882 234022 706770 316112 584847 479090 129191 121923 104831 217287 46019 294873 152726 34840 105757 64379 75904 39536 65295 135287 184217 73051 36696 82000 29751 61586 98825 53185 142147 55495 84072 35464 17721 30587 117886 5089 144428 64812 32706 14753 18692 60830 41065 40935 39789 37630 45116 74457 22474 8949 73925 8113 16821 22435 82401 61499 32181 6731 80648 5852 48990
is_linear=0
shrinkage=0.05


Tree=2
num_leaves=63
num_cat=0
split_feature=0 0 0 2 0 3 0 0 3 0 2 3 1 18 2 4 18 3 0 8 2 1 8 1 0 0 2 3 9 3 3 1 9 23 2 3 3 1 24 2 9 13 8 3 0 3 3 2 1 3 1 3 2 9 13 13 2 3 3 2 3 20
split_gain=103267 17076.1 10387.4 4738.31 1928.4 1540.55 1279.77 1137.38 950.224 767.499 538.006 417.455 384.737 381.623 375.667 330.422 297.723 249.727 244.854 241.771 226.652 213.112 202.256 195.457 188.174 180.748 164.474 161.583 156.816 139.634 139.398 136.79 129.445 125.222 124.694 335.166 124.718 120.124 117.264 114.744 114.6 112.989 110.751 106.565 106.077 105.17 99.024 97.8112 107.265 97.1011 96.6924 95.191 103.557 94.4394 94.2917 91.6017 90.7358 113.987 90.7321 90.1951 89.1969 88.8518
threshold=0.0076486488920349824 0.014843527748498569 0.0052068124029616249 -0.013454647960958575 0.0099693892517908923 0.95237964805647757 0.022483084649417336 0.0037518416587526862 0.0049759503750883829 0.0062049239532842772 -0.033974825365696674 0.095305943990258976 11.24902920220258 24.696072300177889 -0.033974825365696674 -0.01856804956629737 24.696072300177889 0.18460689608641687 0.011765287687243177 5.141059327674534 0.0044996485510703241 13.712198389412526 6.5101122474908601 3.5863175264182794 0.018061034605996715 0.027737711682134614 0.0012015332826650351 0.07128513550265482 23.042860006109404 0.85715257937204081 1.0000000180025095e-35 1.0291990677326797 34.541019757167639 0.020548563857325692 0.020290877193713478 0.010001668181519508 0.64559726501086645 4.9258183774037176 0.009966644679146321 -0.0057457870833031435 37.349997393029142 0.99430867330879991 5.3560080174858848 0.14620352190596494 0.012861594961021018 0.99999999259263139 1.0000000180025095e-35 0.02805509612492663 8.1121819532446207 0.9999999898631603 4.3800104042229391 0.32757941122529716 0.016666723842974743 34.346429230026111 1.093576003940413 0.99128356310080756 0.02805509612492663 1.0000000180025095e-35 0.4838721178692566 -0.056069594837836349 0.29999531895071846 0.2682729813154448
decision_type=2 2 2 2 2 2 2 2 2 2 2 2 2 2 2 2 2 2 2 2 2 2 2 2 2 2 2 2 2 2 2 2 2 2 2 2 2 2 2 2 2 2 2 2 2 2 2 2 2 2 2 2 2 2 2 2 2 2 2 2 2 2
left_child=2 4 7 8 22 6 24 31 10 16 59 20 47 23 61 17 28 -8 49 26 40 34 27 30 41 -16 32 39 50 -20 53 -1 37 -28 36 -36 55 -11 -29 -2 44 43 51 -5 -6 -14 -30 48 -7 -13 -4 52 -26 -9 56 -17 58 -58 -23 -3 -27 -10
right_child=1 3 9 5 11 12 15 13 14 19 -12 18 45 -15 25 21 -18 -19 29 -21 -22 54 -24 -25 42 60 33 38 46 -31 -32 -33 -34 -35 35 -37 -38 -39 -40 -41 -42 -43 -44 -45 -46 -47 -48 -49 -50 -51 -52 -53 -54 -55 -56 -57 57 -59 -60 -61 -62 -63
leaf_value=-0.056440133790400582 0.045987666670578062 0.10787453990695595 -0.020567638657882283 0.064193033853263623 0.046793869711547594 0.043774347938423129 0.078286261282477565 -0.027199598999712672 0.084611608173184694 0.013278050568685681 0.080781163598103223 0.037854668553056768 0.059333301398882168 0.0050009154485916698 0.063556648520290984 0.069019602027749996 0.0096657613336747564 0.067535018463015545 0.046492160838332852 -0.00031599648766808156 0.031146050147500572 0.070310847838529908 0.019077446335083324 -0.0084009386142428338 0.065179657412007805 0.076076916169585507 0.00042708909723391332 0.02532049653827519 0.010358503574879578 0.038604349908906627 -0.036639586078128263 -0.046124074905482558 0.031503708422717214 0.020596521862335002 0.026979032592312921 0.060468248066833125 0.057692390203843973 0.033927513692746138 0.035159740590199134 0.031901380979808769 0.062470053419937971 0.051239803128860999 0.054032432515949073 0.054105583628099231 0.056331676534353531 0.050318699604228682 -0.0088699802500788478 0.035703983622563183 0.052203317376384874 0.024964990403694896 0.01122062103437098 0.058301162260136756 0.036342575672591033 0.001996490560365992 0.073675422408295138 0.062573587542580342 0.037790631832484683 0.062714472663885495 0.064320184601622685 0.09452348193601523 0.067991347709894873 0.074876458256712852
leaf_weight=5917.4393826425076 2242.6499821096659 1819.5030563622713 3549.162092000246 4123.9000522494316 7269.1523888558149 9246.9539626985788 8730.7490259408951 2497.7930702567101 5635.56261074543 5885.0171935409307 14626.866433799267 15236.155554741621 10859.417529433966 728.38426893949509 9573.2780878692865 9121.7390506863594 2170.2996869683266 14162.805240541697 19855.707682326436 3334.955954939127 1343.0658021122217 13555.893283933401 5097.8480246812105 810.69901019334793 11567.567407473922 7699.0909219682217 2680.4947199821472 13325.570799008012 921.2054121941328 7820.5864751338959 9503.7007693201303 7032.157840192318 1619.728627383709 1079.4397225081921 885.93473020195961 4768.159525886178 7474.7436953336 800.03679323196411 3918.6967466473579 4068.2155169546604 2451.9777837246656 15798.525606393814 7008.5188278108835 7170.3883197307587 4866.9795504659414 4608.5860005319118 2451.0938908010721 2092.6585080325603 6377.6225020289421 1616.077657520771 256.51012532413006 13819.944883733988 319.9391610622406 311.52126847207546 5286.4976047277451 13924.79752138257 529.79353186488152 3420.3305115401745 11841.772791206837 4150.9078256189823 6123.9774520546198 4012.6394482553005
leaf_count=30140 7503 4208 15807 12485 24025 30953 24248 11504 15173 22793 39916 52604 33592 2937 28876 26744 8565 41780 65625 13702 4711 39377 19234 3489 34731 21634 10906 48891 3639 26922 45127 34672 5866 4057 3171 14599 23192 2871 13810 14487 7535 50758 22221 22771 15349 14879 10494 7241 20437 5883 1031 42913 1087 1322 15110 42033 1823 10313 35533 10369 17957 11279
internal_value=0.0471892 0.057486 -0.0186177 0.0644175 0.0387917 0.0606544 0.0627661 -0.0401851 0.077515 0.00473959 0.085944 0.0438552 0.0508856 -0.0302262 0.072261 0.0664134 -0.00656174 0.0716351 0.0413701 0.0116 0.0508012 0.0647251 0.0281074 -0.0321814 0.0570518 0.0688375 0.0148938 0.0300617 -0.0114682 0.0442633 -0.0337471 -0.0508381 0.018822 0.00621753 0.0620412 0.0552209 0.0633047 0.0157493 0.0275564 0.0369071 0.0526108 0.0539699 0.059604 0.0577888 0.0506188 0.0566475 -0.00361737 0.0458553 0.0472149 0.0366186 -0.018425 0.061123 0.0644035 -0.0239621 0.0675285 0.0651249 0.0664212 0.0593717 0.0675177 0.0985923 0.0724948 0.0805628
internal_weight=381001 329452 51549.6 240339 89112.7 186697 153512 26801.7 53641.8 24747.9 20597.3 60459.7 33185.2 13852.1 33044.5 93703.2 9348.27 22893.6 44528.5 15399.7 15931.2 70809.7 28653 13123.7 59808.8 23396.3 12064.7 23555.1 7177.97 27676.3 12313 12949.6 8304.78 3759.93 36175.4 5654.09 30521.3 6685.05 17244.3 6310.87 14588.1 27092.8 32716 11294.3 12136.1 15468 3372.3 17717.2 15624.6 16852.2 3805.67 25707.5 11887.5 2809.31 34634.3 23046.5 29347.8 3950.12 25397.7 5970.41 13823.1 9648.2
internal_count=1256904 1027982 228922 721403 306579 571991 464889 129191 149412 99731 54493 202654 107102 64379 94919 277923 39536 66028 151034 60195 51620 211895 103925 61442 186966 68467 46493 84691 30971 92547 57953 64812 31530 14963 109739 17770 91969 25664 62701 21990 46909 86014 100952 35256 39374 48471 14133 58631 51390 58487 16838 78731 35818 12826 102156 68777 87046 12136 74910 14577 39591 26452
is_linear=0
shrinkage=0.05


Tree=3
num_leaves=63
num_cat=0
split_feature=1 1 1 2 2 12 12 1 1 10 3 3 5 3 10 17 5 12 2 1 18 12 6 6 2 15 5 2 2 11 3 5 16 12 15 3 11 12 3 11 6 5 2 1 1 3 6 3 5 2 12 16 11 12 15 2 16 12 11 10 24 3
split_gain=77651.5 11065.8 9090.91 4054.12 2693.32 2059.7 1567.4 1297.2 1254.32 817.004 721.908 602.366 586.011 523.43 513.451 486.705 462.139 444.595 346.854 342.152 332.186 355.409 323.192 316.917 282.327 264.208 255.094 253.537 244.442 233.452 230.813 222.595 222.42 218.369 202.436 202.221 201.064 248.94 200.098 190.45 187.625 166.593 163.959 156.728 155.112 152.063 150.171 138.233 135.587 132.504 131.476 126.609 123.882 136.95 121.348 117.661 115.046 112.519 117.197 108.531 106.811 105.915
threshold=2.9888649715356697 6.648654693255442 1.7533939595812118 -0.017312852585765755 -0.0070135062890802615 0.089686892683916733 0.057135094520584385 4.5201852237226321 11.046731076254863 16.151362773502147 0.0049759503750883829 0.75000197744835384 0.0059374389881090561 0.81600766260826052 26.050866042665071 4.2426121556783585 0.0066042194850790522 0.15483781409230341 -0.018993102160705596 1.2948377723675957 9.463734485897211 0.11025586519054641 0.72353663744673158 1.1552338564083715 -0.045106763643386609 9.4521704594177809 0.013274348662883803 -0.041560293737031677 0.022682121253083002 8.4206762363883865 0.9053704030860672 0.0095238294291873499 60.651174558687963 0.11025586519054641 5.2227293875428069 0.78750106421666655 5.7014036716235745 0.065711662736328211 0.11110404586816103 5.1967976844005355 0.83738340549993218 0.0085513489648730238 -0.0057457870833031435 17.089569217789439 2.4268495051713672 1.0000000180025095e-35 0.88938973684466249 0.99999998420222291 1.0000000180025095e-35 -0.0077219875139014063 0.031073253004788613 52.53645176103435 19.047925179238351 0.19674162717198695 10.791912127465897 0.029457006260376176 31.937740235295085 0.11467220240623663 11.098379559326906 27.829456156567844 -0.041590138582280937 0.99999998333325169
decision_type=2 2 2 2 2 2 2 2 2 2 2 2 2 2 2 2 2 2 2 2 2 2 2 2 2 2 2 2 2 2 2 2 2 2 2 2 2 2 2 2 2 2 2 2 2 2 2 2 2 2 2 2 2 2 2 2 2 2 2 2 2 2
left_child=2 4 6 10 18 9 19 12 11 29 24 15 14 26 40 49 32 54 45 -1 35 -22 42 52 -3 -18 28 -12 -10 -4 36 55 44 39 -20 41 -14 -38 -28 50 -6 51 -7 61 -11 -2 -39 -13 -36 -5 -16 -9 53 -23 -8 59 -50 58 -24 -17 -30 -15
right_child=1 3 5 8 7 22 17 20 13 16 27 47 30 43 33 31 25 -19 34 -21 21 23 57 -25 -26 -27 38 -29 60 -31 -32 -33 -34 -35 48 -37 37 46 -40 -41 -42 -43 -44 -45 -46 -47 -48 -49 56 -51 -52 -53 -54 -55 -56 -57 -58 -59 -60 -61 -62 -63
leaf_value=-0.050584601563920355 0.07735781756442639 0.09528917551656535 0.025381555759164301 0.066192302722788324 0.022879599247971824 0.02942090940459903 0.0053317419336771053 0.0471165445575919 0.058679750558854084 -0.022596553153221042 0.076610846531926111 0.047281338985740183 0.045763697714850733 0.053141515201911918 0.0024316890306251538 0.049663170472024981 0.012622004863690438 0.0065272538013255547 0.059494837007262394 -0.034800190638795414 0.014812508141030712 0.033933370123357003 0.039380338766629219 0.04816513958518967 0.078696040436069203 -0.02076177811468451 0.070311156692667007 0.065165262938320076 0.06967364489651949 -0.0033633678825426478 0.024403132904893727 0.053685707855859716 -0.035861257441221803 0.019528245637443029 0.069544067437974449 0.038588963563351619 0.00043366067068349029 0.029156579840387244 0.062375497912555457 -0.0088064622600701348 0.037419164837029645 0.052700535474442971 0.0064760878121001494 0.057910807590268135 -0.0057937242880821589 0.059282735776206977 0.040263911503649476 0.038758173376560436 0.027952483413834314 0.05766708498127681 0.049622946060777329 0.031679957253868428 0.031736718070533 0.048384435029941907 -0.025605868980263503 0.0025753801495567632 0.048111844548799389 0.026167126809194641 0.0035807862841235947 0.040396328673512505 0.028522381396223193 0.043869009785072466
leaf_weight=10444.295458868146 2108.2591886967421 3266.892476066947 1846.832411929965 6078.0933856666088 7095.5232701450586 895.41375905275345 337.96440155804157 4107.4819444566965 21015.332220092416 3785.0633253902197 6701.3525135070086 19282.763320788741 4440.3354230076075 10231.431639760733 336.40019074082375 8122.7916076779366 1926.8902500271797 1569.455766454339 5936.9956884235144 5114.4279644042253 1670.67497164011 3620.0943038612604 286.73244208097458 6404.9018541872501 11906.450859189034 855.94215774536133 9721.8436489105225 17404.997396498919 188.00239583849907 1143.8004269301891 5008.2526848614216 22417.354505628347 1976.8245412111282 2180.9205145984888 688.37071849405766 7407.1958481669426 547.77605739235878 5895.6322867870331 43427.624784901738 2107.1396130919456 3228.4119041413069 9630.4750315248966 5967.4464221745729 12893.091156363487 2155.7199131697416 2596.8720576167107 6289.1893066614866 6315.1676966398954 763.8390901684761 18222.440275400877 262.96473309397697 1963.1926414817572 10462.167860046029 2996.5485283136368 5098.7427515089512 157.41394937038422 9632.2901442050934 7780.3197522312403 1127.8696204870939 5171.0064527243376 977.83913367986679 4405.839995726943
leaf_count=53542 5594 7485 6727 17243 25736 3144 1344 13075 62059 17282 17631 61206 14232 31199 1347 25434 7323 6180 17577 24644 6371 12337 962 20684 30731 3840 26668 49145 537 4847 17907 68188 9516 8047 1973 24621 2214 20484 125312 9011 11267 29599 23247 38358 9135 7679 21137 21032 2659 54369 842 6699 35994 9432 23548 601 30488 28204 4594 17082 3392 14147
internal_value=0.0440362 0.0528762 -0.0126207 0.0591112 0.039643 0.00553221 -0.036553 0.0356549 0.0560681 -0.00871602 0.0737248 0.0516029 0.0286643 0.0597912 0.0211058 0.054336 -0.0151732 -0.0169153 0.0553658 -0.045396 0.0410709 0.037095 0.0176804 0.0386803 0.0822686 0.00235384 0.0619474 0.068347 0.0574435 0.0143877 0.0338478 0.0506346 -0.0213335 0.00775464 0.0520443 0.0453988 0.0366022 0.0334073 0.0638271 -0.00173262 0.0274263 0.0486114 0.00946975 0.0538912 -0.0164993 0.0673818 0.0348896 0.0451786 0.0480536 0.0597994 0.0231363 0.0421245 0.0351232 0.040478 -0.0236827 0.0455497 0.0466307 0.0238087 0.0108372 0.0460586 0.0351584 0.0503505
internal_weight=387603 335290 52313.7 227908 107382 29748.9 22564.9 85655.3 188628 13691.1 39279.7 85767 37392.5 102861 15211.4 60169.1 10700.4 7006.16 21726.6 15558.7 48262.7 25154.4 16057.8 23483.7 15173.3 2782.83 75330.6 24106.3 22181.2 2990.63 22181.2 35868.6 7917.61 4887.43 17021.5 23108.3 17172.9 12732.6 53149.5 2706.5 10323.9 15701.1 6862.86 27530.4 5940.78 4705.13 12184.8 25597.9 11084.5 24300.5 599.365 6070.67 17078.8 6616.64 5436.71 13451.2 10396.1 9194.92 1414.6 13293.8 1165.84 14637.3
internal_count=1256904 1028825 228079 671819 357006 118821 109258 291036 566827 58670 104992 265155 132224 301672 56250 182917 47096 31072 65970 78186 158812 84818 60151 78447 38216 11163 217968 66776 65988 11574 75974 111305 35933 19247 52697 73994 58067 43835 151980 11200 37003 49373 26391 83704 26417 13273 41621 82238 35120 71612 2189 19774 57763 21769 24892 43117 33147 33760 5556 42516 3929 45346
is_linear=0
shrinkage=0.05


Tree=4
num_leaves=63
num_cat=0
split_feature=0 0 0 2 0 3 0 0 0 3 6 6 6 2 3 4 5 7 1 0 3 15 18 3 3 3 18 6 5 2 5 5 4 7 13 1 9 9 0 0 4 1 2 3 6 5 24 2 13 5 5 1 23 16 6 2 3 4 7 13 9 6
split_gain=80144.7 12835.9 8964.8 3521.63 1332.51 1167.87 1064.71 944.071 760.363 717.705 675.709 547.66 419.837 395.045 351.021 288.921 301.155 372.402 282.271 280.273 229.257 221.303 217.103 213.909 204.003 197.256 184.505 169.843 168.602 166.979 165.367 165.217 159.417 151.253 150.96 146.516 140.808 133.436 132.89 132.06 128.495 127.47 124.633 127.698 121.439 127.76 116.298 110.001 108.925 107.609 107.584 107.041 103.269 100.197 99.4462 94.5618 93.3379 92.893 92.387 92.0377 88.7357 88.4161
threshold=0.0076486488920349824 0.014459184476329013 0.0049474693014390095 -0.013454647960958575 0.0099693892517908923 0.95846684571843876 0.020874427689139236 0.0058350218104610439 0.0037518416587526862 0.0049759503750883829 1.0163629673802583 0.91671686911180428 0.90995190786555391 -0.030358829731581213 0.030639226291170774 -0.015384600994854723 0.0020065253690195049 0.015919360574812694 10.02730708615883 0.027737711682134614 0.44444404951671657 22.532514851861588 24.37585015233044 0.28572206744321871 0.18460689608641687 0.030639226291170774 24.696072300177889 0.7452636499905414 0.012618284186561905 0.0079450741989340896 0.03118439587359061 0.020147395153868399 -0.032698638366951242 -0.013227373218789225 1.0638731181461092 17.32695219904625 23.309993251543496 24.889185848908394 0.011765287687243177 0.0064523492460792338 0.0011427357072170132 1.0291990677326797 0.0094787888186291819 1.0000000180025095e-35 0.65114556977202909 0.0066042194850790522 0.015206069338030483 0.0042644159972956572 0.99533020763982327 0.02415924364629574 0.019133684847409401 2.9376354362403521 0.034141692845441059 58.459826868783843 0.3694538513851538 0.0038167768741474988 1.0000000180025095e-35 0.0045454791426332583 0.0090419432936693061 1.0106082429294279 33.057723746236015 0.39508269300050231
decision_type=2 2 2 2 2 2 2 2 2 2 2 2 2 2 2 2 2 2 2 2 2 2 2 2 2 2 2 2 2 2 2 2 2 2 2 2 2 2 2 2 2 2 2 2 2 2 2 2 2 2 2 2 2 2 2 2 2 2 2 2 2 2
left_child=2 4 8 9 10 6 27 22 41 13 25 14 23 -3 33 24 17 48 30 -11 49 39 36 37 -8 60 40 42 55 -13 -7 -20 -21 -6 58 61 52 -9 -16 -14 56 -1 43 57 -27 -46 -25 -35 -17 -18 -29 -23 -4 -32 -40 -12 -10 -5 -22 -19 -2 -33
right_child=1 3 7 5 11 18 15 12 26 19 28 29 21 -15 38 16 20 59 31 32 34 51 -24 46 -26 44 -28 50 -30 -31 53 35 -34 47 -36 -37 -38 -39 54 -41 -42 -43 -44 -45 45 -47 -48 -49 -50 -51 -52 -53 -54 -55 -56 -57 -58 -59 -60 -61 -62 -63
leaf_value=-0.054087671760774586 0.022967087991275864 0.082603881354461658 -0.024280184877813193 0.055399111225484743 0.074656393713847774 0.041012081030919759 0.066412572059741035 0.00071980064487330139 -0.018233979651050426 0.055779805268833339 0.04076034329227736 0.045505665781372114 -0.0019553452961539467 0.068593919216699217 0.026096692865950268 0.059841657564293639 0.057295675223867915 0.037399237306942411 0.05301845555184579 0.069658750653486548 0.053567084303832148 0.016850952657558007 0.0055454361310666002 -0.0067704543184502934 0.057912402939851587 0.011374286387678767 0.00039618673045035486 0.053319281889548091 0.02233302710384194 0.034700423692054665 0.017723894698089989 0.025620798844921397 0.061335676642182861 0.042721907441979588 0.060350287978878626 0.050226857089203131 -0.0077837168301438109 0.017561057355436036 0.024494500271933464 0.015618042880167599 -0.038655079184005625 -0.043890376016966826 0.035595331482265964 0.04421669164401551 0.028056102555783877 0.013813899160997963 0.016179325506769961 0.025466747154332364 0.04506189193225791 0.063382170246934239 0.046672816300871667 0.033892789625762351 0.018465071116910325 0.042386429575338003 0.035437180057162565 0.028067684274851696 -0.03133692925853087 0.04300994506359334 0.045899085997551846 0.014269200458297861 0.037354331456378898 0.041364795898615067
leaf_weight=5608.4418081343174 3568.2061580866575 7832.9492492675781 3555.4933546483517 5598.5539859980345 340.31169748306274 13948.928737923503 11439.688818708062 2211.3595109134912 1924.4846639484167 11780.675928667188 6531.2474831938744 19436.285782426596 1663.0174363702536 14069.663184985518 10072.527451813221 2408.8438508957624 18949.030807822943 818.39872047305107 9078.4282984435558 10879.27300055325 30658.525242865086 1768.0260071009398 1398.7210531830788 5524.0202984064817 18431.371789813042 7309.8802318423986 461.74973964691162 18709.492431566119 2188.9312727898359 4381.4896960705519 1327.241977289319 1160.6070789247751 12210.113298937678 7847.0385137796402 7612.9846628308296 4393.5582354962826 2841.1603516638279 2512.4540096670389 2505.9260075986385 2993.2126848548651 4244.9619650393724 6756.6579531282187 2804.2353712767363 16153.588798925281 3110.7017832547426 3188.8208452314138 613.31095613539219 1046.8493559658527 2583.7365023642778 11774.316070720553 9025.5188890844584 1924.2674332857132 147.14439390599728 597.10646794736385 12109.156464606524 1892.6328018754721 4626.4809758067131 2073.3080879896879 4505.3944675624371 906.42972673475742 1531.8104458749294 3849.4519474506378
leaf_count=30140 12666 18328 16447 16291 905 44537 30647 8902 8895 33746 21786 61168 6917 36674 34743 6802 53771 2667 26837 28402 89529 6681 5515 22796 52227 27277 1873 55536 7781 14526 4681 3883 33481 24730 21264 13121 12269 9436 8578 11404 20953 34672 9011 49810 10950 11752 2326 3598 7810 32252 27516 6717 580 1926 39655 6643 22399 6419 13573 3263 5070 12150
internal_value=0.0411923 0.0498796 -0.0174319 0.0555278 0.0332985 0.0523914 0.054143 0.00216464 -0.0399562 0.0665109 0.0246183 0.0377066 0.00815964 0.0736042 0.0336262 0.0569701 0.0554071 0.0452732 0.044007 0.0620554 0.0563332 0.0165907 -0.0123348 0.00167901 0.0611677 0.0189017 -0.0305549 0.0484179 0.0346961 0.0435179 0.0391165 0.0482071 0.0652573 0.0419426 0.0539667 0.0435622 -0.0161566 0.00967716 0.0305155 0.00934154 -0.0318787 -0.0485156 0.0455658 0.0467393 0.0157589 0.0208467 -0.00447705 0.0406909 0.0521929 0.0596282 0.0511564 0.0257324 -0.0225815 0.0253764 0.0335609 0.0379086 -0.0274877 0.052051 0.0525846 0.025244 0.0272884 0.0377176
internal_weight=393418 342643 50775 255581 87061.8 198809 164453 27152.2 23622.8 56772.7 29322.2 57739.6 19209.7 21902.6 33921.8 110089 80217.7 6717.41 34355.3 34870.1 73500.3 8348.52 7942.52 10861.1 29871.1 18709.4 11257.7 54364.7 10612.8 23817.8 15873.3 18482 23089.4 9234.2 42776.9 9403.62 6543.8 4723.81 24687.6 4656.23 10795.9 12365.1 26629.7 23825.5 13609.4 6299.52 6137.33 8893.89 4992.58 30723.3 27735 3692.29 3702.64 1924.35 14615.1 8423.88 6550.97 7671.86 35163.9 1724.83 5100.02 5010.06
internal_count=1256904 1027982 228922 736154 291828 585523 478388 109990 118932 150631 103925 187903 75179 55002 112209 313805 230931 20542 107135 95629 210389 31719 34811 43460 82874 67715 54120 164583 36210 75694 51144 55991 61883 29233 124366 29154 29296 18338 82976 18321 52247 64812 81531 72520 49979 22702 25122 28328 14612 86023 83052 13398 17027 6607 48233 28429 31294 22710 103102 5930 17736 16033
is_linear=0
shrinkage=0.05


Tree=5
num_leaves=63
num_cat=0
split_feature=0 0 0 2 0 3 0 0 6 0 3 6 6 1 15 3 3 5 2 13 5 7 3 3 3 5 8 2 3 0 2 3 5 2 12 21 3 5 2 19 1 8 7 24 1 3 7 29 6 7 24 1 7 5 5 1 8 6 25 6 8 0
split_gain=70227 10943.7 8708.98 2949.71 1501.99 1109.83 902.306 742.56 741.096 655.239 529.955 447.931 414.379 338.893 318.739 277.556 264.171 237.316 218.482 201.131 242.2 306.855 198.368 183.683 180.333 228.905 177.896 177.09 168.504 158.883 157.866 183.13 175.202 158.78 150.572 149.36 144.6 127.36 125.982 125.107 120.566 120.376 115.378 113.918 112.173 108.23 102.607 102.54 101.992 101.726 101.641 101.031 99.9329 96.9209 96.2716 96.1646 94.2387 92.7453 92.0465 90.642 88.0944 87.683
threshold=0.0077660453347215231 0.015911074282093079 0.0049474693014390095 -0.018420090941179298 0.011292102991621611 0.78217472845371028 0.0062049239532842772 0.0036458606613016778 1.0163629673802583 0.024921832265463194 0.0049759503750883829 0.78442684745081304 0.90995190786555391 17.089569217789439 23.905008752946134 0.07128513550265482 0.016665474155997045 0.011392939581381911 -0.041560293737031677 0.96981451101249838 0.0047095206969802903 0.015919360574812694 0.24999463355701948 0.090909089669420337 0.99999996666716595 0.039981682052497636 5.4609797473675785 -0.041560293737031677 1.0000000180025095e-35 0.008755784303178556 0.0031874862687695242 1.0000000180025095e-35 0.006779654441343516 0.020290877193713478 0.12355854066625667 33.088890595477714 0.23809792927795351 0.005852817195973495 0.0033980699282137876 3.2977907946092562 3.0381922173813902 4.3372245886726768 -0.0052621833059401431 0.039215670332909854 0.7291704333332788 0.16464007261786659 -0.006980878862049001 -0.013594899658239632 0.54067475515437335 0.0019160030319377221 0.021428534684133419 5.5887244975652628 -0.013227373218789225 0.0070422470142222577 0.014689854263650118 8.1121819532446207 -0.67204569384212209 0.7452636499905414 0.15246993209822082 0.53132275458341993 4.4327905083797257 0.009529450086885308
decision_type=2 2 2 2 2 2 2 2 2 2 2 2 2 2 2 2 2 2 2 2 2 2 2 2 2 2 2 2 2 2 2 2 2 2 2 2 2 2 2 2 2 2 2 2 2 2 2 2 2 2 2 2 2 2 2 2 2 2 2 2 2 2
left_child=2 4 7 10 8 9 14 44 15 30 18 16 23 24 28 42 38 61 -3 45 21 56 -22 -8 51 55 35 -12 46 -17 31 41 33 -32 -14 47 -13 48 52 -30 -36 -5 -2 -24 -1 -11 -4 -9 -25 -41 53 -7 -6 -31 -38 -26 -21 -16 -46 -18 -44 -10
right_child=1 3 6 5 11 13 12 26 17 19 27 36 34 -15 57 29 59 -19 -20 20 22 -23 43 37 25 -27 -28 -29 39 50 32 -33 -34 -35 40 -37 54 -39 -40 49 -42 -43 60 -45 58 -47 -48 -49 -50 -51 -52 -53 -54 -55 -56 -57 -58 -59 -60 -61 -62 -63
leaf_value=-0.057633719442122727 0.045988272900231698 0.081538234695644626 0.074424103607966224 0.056830242895015814 0.067715955140925765 0.035827876288773812 0.013166303582127474 -0.020150618836421563 0.03473919013393513 0.063478876024784595 0.06688067886285326 0.047911776826714471 0.010663277908741839 0.050651908475199514 -0.0036036129992345449 0.011163961550054485 0.027683422252805817 0.025755800595404662 0.068331266603546409 0.058362134220105125 0.059488557696772908 0.026104452774787474 0.05062641185066178 -0.0051887727926850785 0.034092478701792876 0.021180000974710147 -0.042181945984108432 0.057523995961838027 -0.045551211060480795 0.023573598654015166 0.038701727762598441 0.048084866917816632 0.046826477850517662 0.0076535563331397482 0.016250283543418016 -0.012571988276406931 0.043049805215166541 -0.012167113927181792 0.026617033038156959 -0.012375527739777339 0.033082214909606188 0.044742514218862814 0.029816912913370359 0.05687883487126727 -0.045570192849501014 0.056570653188147441 -0.001588090996665203 -0.032989590645368244 0.010054898243348154 -0.031040255638820666 0.032106106705255114 0.045316884620711019 0.042547334271692626 0.015034891093611863 0.035900050218684823 0.04309866514841703 0.044399684383264096 0.015579105084924993 0.071414848655791827 0.034300895932361956 0.016175778805008669 0.043491456537722191
leaf_weight=2359.0336292386055 912.61588497459888 4253.2732648104429 45.419024512171745 12224.181701973081 418.57094751298428 3173.913018450141 3052.5233215540648 2096.2162709832191 6194.8936400264502 9283.1674575805664 7059.869831174612 9402.1905604600906 3231.7839025259018 14643.057481348515 1100.6318502426147 5493.0359662473202 10275.513987585902 5021.2797864824533 11873.021878436208 2306.7426799684763 16243.072059050202 1653.9979495108128 21683.644539862871 2038.1071981340647 4712.1244073361158 1907.1178106963634 2407.6608911156654 17824.86234459281 347.17428620159626 7085.1112454682589 2403.4897856861353 33020.243083313107 14733.78530356288 496.91257292032242 2052.5778246670961 1514.4679241627455 12730.73194848001 2009.0382372587919 1217.2495765089989 5730.7824328839779 2208.710007250309 2476.9741023480892 6095.1123852729797 10971.123253419995 8704.0053866803646 14565.282821893692 1972.4082504659891 6024.9495863318443 2377.1549469381571 836.57943718135357 1839.306069880724 24143.222448900342 6827.8909183442593 6259.3090687692165 7471.3407812565565 7989.3044860064983 2538.3196791410446 1473.8967841863632 16.847141414880753 10424.340157926083 1468.7556862980127 5318.3738784790039
leaf_count=13188 2794 9376 142 33634 1079 10004 11547 9907 20654 24187 17766 27885 12453 41859 4466 20321 33944 17095 29267 6225 43422 5540 61500 8305 15216 6464 12318 48124 1721 24724 7349 96042 43272 1775 7668 6972 39416 8335 4052 25546 7560 7294 20365 30071 46462 39859 8346 29889 9200 3929 6168 71815 20746 22394 23722 24314 7425 5577 63 33467 5258 16753
internal_value=0.038597 0.046698 -0.0158237 0.0525326 0.0331704 0.0500411 0.00268636 -0.0386193 0.0263705 0.052364 0.064754 0.0384569 0.0100153 0.0441035 -0.00812206 0.0215747 0.0340589 0.0348263 0.0718146 0.0554206 0.0537678 0.0446993 0.0549731 0.0030678 0.0418164 0.0373322 -0.030025 0.0601785 -0.0125897 0.018451 0.0486578 0.0501516 0.0446152 0.0333824 0.0188021 -0.0269874 0.0427895 -0.00173053 0.0415009 -0.0162995 0.0249746 0.0547936 0.0291943 0.0527271 -0.0479608 0.0592597 0.000122858 -0.0296756 0.00301834 -0.0147531 0.0210872 0.0442144 0.0440011 0.0195684 0.0404056 0.0397574 0.0510472 0.00737834 -0.0453442 0.0310159 0.0271681 0.0387822
internal_weight=398236 346636 51600 242181 104456 201170 28476.8 23123.2 45687.8 144601 41011 58767.8 16969.9 56568.7 11506.9 29153.2 29163.6 16534.5 16126.3 79245.4 55396.9 6499.06 48897.8 9476.82 41925.7 14608.5 12043.3 24884.7 8932.36 20676.8 65355.6 47721.4 17634.2 2900.4 7493.07 9635.63 29604.3 6424.3 8463.71 6914.54 4261.29 14701.2 8476.48 32654.8 11079.9 23848.5 2017.83 8121.17 4415.26 6567.36 15183.7 27317.1 7246.46 13344.4 20202.1 12701.4 4845.06 2574.53 8720.85 20699.9 7563.87 11513.3
internal_count=1256231 1022637 233594 681800 340837 577267 114795 118799 156526 407595 104533 184311 65068 169672 49727 102024 93288 54502 38643 218229 154183 19190 134993 37387 127813 45994 59086 65890 39684 73607 189366 136970 52396 9124 27681 46768 91023 25840 25877 31196 15228 40928 28417 91571 59713 64046 8488 39796 17505 29475 53286 81819 21825 47118 63138 39530 13650 10043 46525 67411 25623 37407
is_linear=0
shrinkage=0.05


end of trees

feature_importances:
close_pos=67
atr_pct=56
ret_1=40
BBB_20_2.0_2.0=37
hl_ratio=30
STOCHh_14_3_3=19
vol_ratio=17
gap=16
DMN_14=14
ATRr_14=11
price_to_ema21=10
ret_3=9
EMA_50=7
BBU_20_2.0_2.0=7
ret_6=7
EMA_9=5
RSI_14=4
ADX_14=3
BBL_20_2.0_2.0=3
MACDh_12_26_9=3
BBP_20_2.0_2.0=2
EMA_21=1
DMP_14=1
STOCHd_14_3_3=1
MACD_12_26_9=1
MACDs_12_26_9=1

parameters:
[boosting: gbdt]
[objective: binary]
[metric: binary_logloss]
[tree_learner: serial]
[device_type: cpu]
[data_sample_strategy: bagging]
[data: ]
[valid: ]
[num_iterations: 1000]
[learning_rate: 0.05]
[num_leaves: 63]
[num_threads: -1]
[seed: 0]
[deterministic: 0]
[force_col_wise: 0]
[force_row_wise: 0]
[histogram_pool_size: -1]
[max_depth: -1]
[min_data_in_leaf: 20]
[min_sum_hessian_in_leaf: 0.001]
[bagging_fraction: 0.8]
[pos_bagging_fraction: 1]
[neg_bagging_fraction: 1]
[bagging_freq: 5]
[bagging_seed: 3]
[bagging_by_query: 0]
[feature_fraction: 0.8]
[feature_fraction_bynode: 1]
[feature_fraction_seed: 2]
[extra_trees: 0]
[extra_seed: 6]
[early_stopping_round: 0]
[early_stopping_min_delta: 0]
[first_metric_only: 0]
[max_delta_step: 0]
[lambda_l1: 0]
[lambda_l2: 0]
[linear_lambda: 0]
[min_gain_to_split: 0]
[drop_rate: 0.1]
[max_drop: 50]
[skip_drop: 0.5]
[xgboost_dart_mode: 0]
[uniform_drop: 0]
[drop_seed: 4]
[top_rate: 0.2]
[other_rate: 0.1]
[min_data_per_group: 100]
[max_cat_threshold: 32]
[cat_l2: 10]
[cat_smooth: 10]
[max_cat_to_onehot: 4]
[top_k: 20]
[monotone_constraints: ]
[monotone_constraints_method: basic]
[monotone_penalty: 0]
[feature_contri: ]
[forcedsplits_filename: ]
[refit_decay_rate: 0.9]
[cegb_tradeoff: 1]
[cegb_penalty_split: 0]
[cegb_penalty_feature_lazy: ]
[cegb_penalty_feature_coupled: ]
[path_smooth: 0]
[interaction_constraints: ]
[verbosity: -1]
[saved_feature_importance_type: 0]
[use_quantized_grad: 0]
[num_grad_quant_bins: 4]
[quant_train_renew_leaf: 0]
[stochastic_rounding: 1]
[linear_tree: 0]
[max_bin: 255]
[max_bin_by_feature: ]
[min_data_in_bin: 3]
[bin_construct_sample_cnt: 200000]
[data_random_seed: 1]
[is_enable_sparse: 1]
[enable_bundle: 1]
[use_missing: 1]
[zero_as_missing: 0]
[feature_pre_filter: 1]
[pre_partition: 0]
[two_round: 0]
[header: 0]
[label_column: ]
[weight_column: ]
[group_column: ]
[ignore_column: ]
[categorical_feature: ]
[forcedbins_filename: ]
[precise_float_parser: 0]
[parser_config_file: ]
[objective_seed: 5]
[num_class: 1]
[is_unbalance: 1]
[scale_pos_weight: 1]
[sigmoid: 1]
[boost_from_average: 1]
[reg_sqrt: 0]
[alpha: 0.9]
[fair_c: 1]
[poisson_max_delta_step: 0.7]
[tweedie_variance_power: 1.5]
[lambdarank_truncation_level: 30]
[lambdarank_norm: 1]
[label_gain: ]
[lambdarank_position_bias_regularization: 0]
[eval_at: ]
[multi_error_top_k: 1]
[auc_mu_weights: ]
[num_machines: 1]
[local_listen_port: 12400]
[time_out: 120]
[machine_list_filename: ]
[machines: ]
[gpu_platform_id: -1]
[gpu_device_id: -1]
[gpu_use_dp: 0]
[num_gpu: 1]

end of parameters

pandas_categorical:[]
