tree
version=v4
num_class=1
num_tree_per_iteration=1
label_index=0
max_feature_idx=29
objective=binary sigmoid:1
feature_names=atr_pct BBB_20_2.0_2.0 hl_ratio OBV DMP_14 MACDs_12_26_9 MACDh_12_26_9 ADX_14 gap ret_6 DMN_14 ADXR_14_2 STOCHd_14_3_3 BBP_20_2.0_2.0 EMA_50 RSI_14 ATRr_14 MACD_12_26_9 BBL_20_2.0_2.0 STOCHh_14_3_3 EMA_9 EMA_21 price_to_ema21 BBU_20_2.0_2.0 ret_3 ret_1 BBM_20_2.0_2.0 close_pos STOCHk_14_3_3 vol_ratio
feature_infos=[0.00036662379980360236:0.11288239172603164] [0.075248255461516797:201.88426899403524] [0:0.24624562337070369] [-913733039:2542508257] [0.22232051670283656:80.410355820923854] [-102.16056846508296:75.600852860613088] [-51.386459185716959:21.8741764095288] [5.8379448456030749:90.007805117409859] [-0.29051304494655067:0.2253071045585491] [-0.61419790167557564:0.75985243269631142] [1.7336112774478132:98.518915855192873] [6.1667288677287209:89.386805101923756] [0.24104326167868012:99.502775522360139] [-0.5543938253137084:1.5566358800342082] [2.6449252910840304:4259.6692950493398] [0.20308983765349384:95.210703440080195] [0.013462967875935329:69.435434365697645] [-120.4205618827184:87.641805658267913] [-0.26788101169132261:4203.4672630409686] [-32.394910684031196:32.025354487701392] [2.6116224763807701:4315.9701271850709] [2.6178770999870467:4282.3248418353924] [0.43195427412438842:1.4309449129001945] [2.6441250569327424:4385.9517590506039] [-0.6141572779758997:0.46364710732632131] [-0.27757732236980615:0.24855295356334506] [2.6134999632835392:4277.058081054688] [0:0.99999999999068556] [0:99.999999999999986] [0:10.029338871126194]
tree_sizes=6954 6964 6971 6948 6978

Tree=0
num_leaves=63
num_cat=0
split_feature=0 0 0 0 0 15 3 4 14 8 12 3 5 16 0 3 22 5 7 0 0 14 8 24 22 16 7 14 15 8 9 22 18 14 14 8 5 11 4 20 3 5 7 4 11 8 5 13 23 7 1 5 23 11 11 23 0 26 8 14 5 5
split_gain=13589.3 3811.5 2241.11 948.94 340.852 389.818 331.459 323.962 301.193 268.078 261.553 226.435 207.918 199.733 191.59 191.016 186.829 204.726 186.361 175.021 165.848 187.252 147.628 142.012 136.576 143.939 133.712 125.701 119.521 108.447 102.006 137.003 99.6103 119.473 98.8997 98.0324 97.4063 96.2272 96.0497 90.9994 94.7393 90.8502 89.4306 87.1635 91.8805 83.5397 82.9358 80.1896 77.7397 76.4773 75.196 77.6119 71.949 84.5842 75.0017 71.9376 70.9789 70.7093 70.5695 74.9216 69.4699 69.4485
threshold=0.0073453393081469665 0.014765923561281117 0.0056893124823984955 0.0097116864019301894 0.018503122944156899 53.922554915276663 3486530.0000000005 16.301814578049498 15.051386386037802 0.0010679251461357647 34.432510042567138 15160218.500000002 -1.0343969181163155 0.055274905896152506 0.0065865995103026832 96853261.000000015 0.94697396906790299 0.80343411136417575 49.182250298824343 0.0047478132211783352 0.0035405425563771234 11.850444933416457 0.0022489299015000059 0.06670037584150014 0.93865046599261548 2.0076874624549368 27.181800996439922 465.08954254477788 33.727470321987887 0.029074065442930754 -0.050881735858890824 0.99454345260910715 30.898376340874062 34.143730813685316 111.37070045273826 0.0016822438556690781 -0.037779459352046817 23.114501254305029 26.295642081985424 132.45386772029931 761682.00000000012 -11.114838558734659 17.069528051382878 6.0383506543409373 46.314082017648232 -0.0011504980472194337 0.0038880924410968029 0.54029121144653691 92.39259932544816 31.327708756907999 10.785648586403449 2.0591518111528293 48.304308129182267 16.921411966753571 53.966905330655081 420.45746459482422 0.0044445473601434126 109.42233219146731 -0.00101439024410528 30.551195193686777 0.052616153769319003 -0.16128971833203387
decision_type=2 2 2 2 2 2 2 2 2 2 2 2 2 2 2 2 2 2 2 2 2 2 2 2 2 2 2 2 2 2 2 2 2 2 2 2 2 2 2 2 2 2 2 2 2 2 2 2 2 2 2 2 2 2 2 2 2 2 2 2 2 2
left_child=2 3 6 7 16 10 20 47 -8 14 36 26 23 -10 45 24 -3 49 22 34 21 -1 58 -7 -12 -26 39 28 -22 -25 -28 -32 56 42 57 48 43 -19 -27 -5 -41 -29 -34 -6 -45 -4 -16 -2 -21 -18 51 -14 -47 -54 -55 -35 60 -15 -9 -60 -30 -52
right_child=1 4 9 11 5 12 8 18 13 -11 15 -13 50 19 46 -17 17 37 -20 35 27 -23 -24 29 25 38 30 41 32 -31 31 -33 33 55 -36 -37 -38 -39 -40 40 -42 -43 -44 44 -46 52 -48 -49 -50 -51 61 -53 53 54 -56 -57 -58 -59 59 -61 -62 -63
leaf_value=-0.54789898547608673 -0.47197277486320449 -0.48783071054585014 -0.49647092269534554 -0.4679377453223334 -0.47668503199072926 -0.47501687046602442 -0.469399434654446 -0.4853995542424655 -0.5855082363208961 -0.49658155785045716 -0.47871276412465202 -0.46670875278164142 -0.46474405174321914 -0.50479673507886769 -0.4805826300531657 -0.46027644920065536 -0.45584257938474987 -0.48772547177446385 -0.49471275921983299 -0.49620315677888299 -0.50565767633499203 -0.50284498416405743 -0.48895956172673566 -0.54975956732570297 -0.44370910553198706 -0.42248080752460565 -0.4948470159530991 -0.41734382754677946 -0.5078878668278366 -0.43751549403972667 -0.47087134179153767 -0.47867548170154356 -0.47893711784054116 -0.49357039908897787 -0.51338735151882975 -0.51542189844857067 -0.46681960447701065 -0.46792128046623827 -0.45077247558390759 -0.46936401536819489 -0.47866850389202253 -0.50595803594792899 -0.51937552555756972 -0.45354338999000865 -0.43700042931711031 -0.4833683285500503 -0.48555952571927807 -0.49092466829027392 -0.50226894853363857 -0.46433466565572296 -0.47860236629348041 -0.49309773569984172 -0.48312635608800958 -0.48951849771104949 -0.50880719102017025 -0.47763941606822613 -0.47885744275911363 -0.46315592745301259 -0.47372801616051263 -0.47979382965114586 -0.47614059035520401 -0.45519747900574137
leaf_weight=291.69759571552277 14364.32509714365 720.6721288561821 2946.2242212295532 14078.905711591244 335.02493047714233 307.22870653867722 673.02163642644882 4937.8826084733009 73.492749094963074 6708.5603256225586 185.86166632175446 19043.343184947968 1519.2868709564209 7632.0921569466591 15123.67195379734 1029.4913971424103 8097.6615804433823 773.05647450685501 2342.4422897100449 9323.5958248972893 1896.9193026423454 1101.4340214729309 4619.7642347216606 139.87491917610168 2414.4058454632759 2104.3186116814613 685.6894446015358 29.24609363079071 492.92946231365204 25.432181239128113 9965.9010000228882 12906.879580020905 168.68895131349564 19964.726028263569 4782.2420815229416 1031.1121627092361 1354.4209799766541 2969.4099183082581 349.87804001569748 5471.6638199687004 5471.5577970743179 2626.8517125248909 721.47705388069153 4434.3629416823387 1035.300333917141 7616.4030811786652 18746.995029330254 580.717638194561 12185.715541005135 3941.7556727528572 344.7138928771019 286.93276351690292 5572.0763592123985 27448.448341012001 513.39707636833191 734.69224941730499 2029.6512063145638 103.32812458276749 5689.7890951037407 48339.32501989603 264.92671537399292 3935.1368182897568
leaf_count=1151 47996 2499 10419 46590 1132 1034 2235 17027 312 23730 631 62832 4989 27496 51570 3344 26017 2680 8251 32952 6847 3951 16061 554 7524 6202 2416 85 1788 78 33212 43815 573 70142 17556 3802 4470 9826 1110 18169 18574 9488 2683 14166 3171 26140 64668 2028 43656 12931 1170 1007 19113 95549 1866 2488 6893 338 19091 164528 894 12623
internal_value=-0.481239 -0.472151 -0.492377 -0.475701 -0.457628 -0.453205 -0.499274 -0.479356 -0.502532 -0.486991 -0.448268 -0.47133 -0.463174 -0.503167 -0.486165 -0.440646 -0.462935 -0.461798 -0.480863 -0.502994 -0.495428 -0.512279 -0.480352 -0.495123 -0.436647 -0.435041 -0.473141 -0.494616 -0.493569 -0.532491 -0.475845 -0.475275 -0.492628 -0.493776 -0.507735 -0.500362 -0.454746 -0.472012 -0.426514 -0.470596 -0.474016 -0.504982 -0.511712 -0.451929 -0.450412 -0.488338 -0.483337 -0.472709 -0.49964 -0.458623 -0.460693 -0.469248 -0.487755 -0.488752 -0.489873 -0.493005 -0.483733 -0.504241 -0.479678 -0.479155 -0.49679 -0.457083
internal_weight=335606 184802 150804 148498 36304.2 19801.7 66127.8 80874.2 35804.6 84675.8 13243.1 67623.9 6558.61 35131.6 77967.2 6083.96 16502.6 15781.9 65929.2 35058.1 30323.2 1393.13 63586.8 472.536 5054.46 4868.6 48580.6 28930.1 26274 165.307 23558.5 22872.8 24377.1 21589.6 12517.7 22540.4 7159.11 3742.47 2454.2 25022.1 10943.2 2656.1 890.166 5804.69 5469.66 44096.5 33870.7 14945 21509.3 12039.4 6086.07 1806.22 41150.3 33533.9 27961.8 20699.4 2787.51 7735.42 58967 54029.1 757.856 4279.85
internal_count=1146133 617748 528385 500590 117158 63205 235330 274982 128347 293055 41750 225608 21455 126112 269325 18811 53953 51454 224958 125800 106983 5102 216707 1666 15467 14836 162776 101881 92308 632 79443 77027 85461 75886 45390 80410 22939 12506 7312 83333 36743 9573 3256 18469 17337 153087 116238 50024 76608 38948 19789 5996 142668 116528 97415 72630 9575 27834 200646 183619 2682 13793
is_linear=0
shrinkage=1


Tree=1
num_leaves=63
num_cat=0
split_feature=0 0 0 0 0 15 3 14 10 5 19 0 2 19 3 2 4 0 14 9 5 5 4 2 18 10 3 8 1 0 5 0 1 11 7 2 1 7 14 26 0 19 23 7 8 5 5 0 19 23 4 14 22 3 4 3 3 14 4 0 0 5
split_gain=12038.3 3389.93 2338.57 400.332 379.099 307.33 305.912 286.96 262.242 287.509 386.861 254.654 213.386 211.657 196.234 189.57 164.504 159.493 170.829 153.1 158.445 145.931 143.397 134.932 130.84 130.061 123.685 112.583 110.237 103.939 103.852 100.294 144.191 97.1825 96.6216 91.4265 91.3163 91.0347 86.2959 90.173 86.0206 85.9491 85.1559 81.0949 81.0085 76.0531 75.2246 74.9647 68.6832 67.7151 67.6666 67.5009 67.4855 66.9919 64.086 63.8545 75.473 62.9199 105.894 62.3709 60.8632 60.021
threshold=0.0085824859919924924 0.005859236150247831 0.016268310147448856 0.0068719464245301726 0.01051588189686886 54.211035622784642 3486530.0000000005 15.051386386037802 35.480844208963347 -0.17561583413136925 -4.1454184334096178 0.005200298558388953 0.012083335615329519 18.732436178135774 15160218.500000002 0.0075813550045013079 15.011309656201094 0.0035405425563771234 11.850444933416457 -0.050881735858890824 0.51932132413870546 -0.16128971833203387 18.873344309498645 0.014533927847646936 505.28141261869558 25.422437989140324 41578556.500000007 0.0018399931342896255 8.7303726835398781 0.022422877922502412 -11.114838558734659 0.0032005102943799173 0.83694234563460446 49.05804731933349 35.487471926024391 0.007689742254675328 14.664990548268438 21.80597913138622 111.37070045273826 109.42233219146731 0.019009927576944367 -17.025084816598987 9.5839733222807642 49.821939717901977 0.00034924956973191458 -1.2630868367246977 0.035878102833568702 0.0050218404540623299 8.9523157881237889 31.332068020749187 22.782717499223498 118.73521873996683 1.0256380815260362 65661124.500000007 27.169080378795496 8346851.0000000009 112155100.50000001 661.03880483770843 15.252856550070987 0.013513283775091209 0.020814496378475135 0.89521190768547443
decision_type=2 2 2 2 2 2 2 2 2 2 2 2 2 2 2 2 2 2 2 2 2 2 2 2 2 2 2 2 2 2 2 2 2 2 2 2 2 2 2 2 2 2 2 2 2 2 2 2 2 2 2 2 2 2 2 2 2 2 2 2 2 2
left_child=1 6 4 15 16 8 17 -8 9 10 26 31 22 28 19 46 -2 18 -1 -6 37 29 -5 52 25 27 40 42 35 -15 -26 32 -9 -24 48 -7 61 -21 39 55 -4 -10 -19 -12 45 -13 -3 -27 -30 -20 -45 -37 53 -18 -42 -33 -57 -16 -59 -39 -43 -11
right_child=2 3 5 12 14 13 7 11 41 36 43 44 -14 21 57 -17 23 24 49 20 -22 -23 33 -25 30 47 -28 -29 34 -31 -32 38 -34 -35 -36 51 -38 59 -40 -41 54 60 -44 50 -46 -47 -48 -49 -50 -51 -52 -53 -54 -55 -56 56 -58 58 -60 -61 -62 -63
leaf_value=-0.038622443846319882 0.036785719706935574 0.022626303474892674 0.06718968695741441 0.02935799216465397 0.016782834166158441 0.00063153781948412579 0.035621954399738483 -0.060529130808505416 0.01521849596376147 0.047273805614052589 0.054336130033821553 -0.0094692947237717973 0.017024196767018045 0.01634230407352608 0.040387782716956859 0.01303320204392697 0.029681996085372028 0.055836186219130349 0.034499067215093625 0.040315667020898061 0.029485257276974652 0.04177598434562086 0.02455418600667001 0.021286464191194135 0.079925673030080344 0.0040655349904140893 0.054966123522891125 0.00073296861333626336 0.053331609185203854 -0.053555475161621825 -0.00043783284843473889 0.010045837163424673 -0.00075689964053543655 0.012346966034229906 0.038796597909472236 0.043585440460312069 0.062061608779253145 0.032460153898194781 -0.001552141229952437 0.038727478916784588 0.095616284077244429 0.039036543462953571 0.016597110062306724 0.079035888573543323 0.00071044974878489969 0.011607266824842213 0.018414052515716168 0.012745552104195227 0.035103490484394893 -0.00054920771087216649 -0.0066189820819823435 0.024826815815946621 0.021983940448950717 0.038190720955726197 0.045650040807207172 0.00061515101767725927 0.01640877916707488 0.085150722720387512 -0.030945949508435228 0.038766422273170592 0.050049572091084071 0.032704987523694481
leaf_weight=288.68688958883286 7236.9353251904249 20186.234324425459 430.68600182235241 18143.42984367907 1273.005801230669 190.5043281763792 791.44860762357712 156.26633578538895 256.74945361912251 3322.5290485024452 5733.3130480200052 440.64850121736526 8186.2985611408949 97.211404383182526 17465.920778900385 10936.403793126345 32174.661311611533 139.24933029711246 161.45155812799931 9780.5348093658686 11649.823274046183 154.922861084342 43647.75209364295 5451.3975292146206 40.969314515590668 4284.434876292944 378.34881213307381 1142.8832007944584 3879.1520319879055 117.43552979826927 2143.751612663269 3480.0783552080393 284.75769141316414 1693.6651670783758 2608.6578917205334 1329.9201508611441 858.62149319052696 13022.633347660303 9157.8387895673513 193.04481665790081 1223.2036057114601 2366.0608955472708 19591.704962030053 492.20503453910351 2183.3611565083265 14927.067800104618 22317.242443948984 5930.7141771018505 596.20794284343719 941.29914915561676 24.190617546439171 750.02043797075748 2628.4970842897892 2492.5147028416395 67.725665673613548 8192.13494746387 833.3787584900856 26.938751846551895 72.507049977779388 5609.8096584230661 2670.4628606587648 898.04234007000923
leaf_count=1151 23791 68997 1303 60845 4406 680 2609 649 885 10576 17892 1626 28323 336 56793 38276 107809 439 540 31833 39023 501 148258 18644 119 15334 1180 4116 12190 478 7768 12315 1034 5938 8499 4286 2630 43269 33322 634 3397 7709 68061 1435 7889 52525 77074 20796 1964 3411 87 2538 8973 8173 216 29602 2906 78 277 18321 8434 2970
internal_value=0.0249484 0.0171344 0.0363519 0.0221794 0.033017 0.0491173 0.00875268 0.00580945 0.0528628 0.056578 0.0622841 0.00521733 0.0246217 0.041906 0.0357348 0.018904 0.0298144 0.0122032 -0.00438168 0.0338535 0.0343959 0.00479313 0.0256014 0.0286341 0.0128968 0.0137279 0.0808509 0.0159903 0.0433722 -0.0218995 0.0010692 0.00167113 -0.0219358 0.0240982 0.046445 0.0337846 0.0471978 0.0364093 0.00214748 0.00481552 0.0865394 0.0434373 0.016874 0.0560455 0.00972254 0.0110029 0.0204146 0.00910498 0.0509033 0.00458214 0.0750234 0.0368211 0.0297081 0.0302938 0.0929949 0.00429203 0.00207347 0.040162 0.000503336 0.0343588 0.0448759 0.0441739
internal_weight=337748 200416 137331 125111 108885 28446.2 75305.2 40640 18722.1 13428.9 8349.67 39848.6 71671.1 9724.03 58901.2 53439.9 49984 34665.1 1391.44 41335.8 40062.8 369.57 63484.8 42747.1 33273.7 31089 2099.96 20873.8 9354.46 214.647 2184.72 22297.5 441.024 45341.4 7084.02 2270.44 5079.19 28413 21856.5 12698.6 1721.62 5293.27 19731 6249.71 17551.1 15367.7 42503.5 10215.1 4475.36 1102.75 516.396 2079.94 37295.7 34667.2 1290.93 12505.6 9025.51 17565.4 99.4458 18632.4 5036.52 4220.57
internal_count=1146133 694557 451576 427711 361390 90186 266846 145111 58714 41686 25510 142502 243364 31472 194000 184347 167390 121735 5102 136852 132446 1315 215041 143599 116633 108746 6096 72616 30157 814 7887 80462 1683 154196 22653 7504 16176 93423 78779 45457 4916 17028 68500 19414 62040 54151 146071 36130 14154 3951 1522 6824 124955 115982 3613 44823 32508 57148 355 61590 16143 13546
is_linear=0
shrinkage=0.05


Tree=2
num_leaves=63
num_cat=0
split_feature=0 0 0 0 3 4 0 4 2 23 13 2 19 0 3 16 22 10 11 19 11 3 0 11 1 17 11 8 27 16 1 9 22 23 16 3 8 0 11 10 4 20 28 19 23 16 23 11 17 2 2 13 21 11 3 8 12 17 1 17 1 13
split_gain=10714.3 2959.41 1795.95 742.142 276.734 264.067 258.654 310.489 242.78 215.97 205.368 196.106 196.094 177.665 177.555 165.912 156.559 149.117 144.884 139.799 165.796 133.9 126.634 116.682 207.875 116.266 108.335 99.7085 96.3476 93.3832 92.1908 91.5965 97.5408 90.2553 100.846 96.2788 89.9114 89.3759 88.5627 86.3596 86.2975 80.866 79.2968 94.1309 78.4315 78.0327 77.7445 84.5653 75.1202 74.4824 71.8899 71.287 68.583 67.4839 67.2073 66.3947 65.8147 95.7634 73.8234 65.3939 79.7126 61.281
threshold=0.0073453393081469665 0.014765923561281117 0.005640077282989279 0.0097116864019301894 3486530.0000000005 16.301814578049498 0.018503122944156899 25.435114581173167 0.0093544467752066981 15.506965694660201 0.37621196487430747 0.012376467947720642 17.680859937359671 0.0065381164517564162 15160218.500000002 0.055274905896152506 0.94697396906790299 23.081502163717499 49.05804731933349 6.5584546245166075 19.9200776413408 36509478.000000007 0.0047478132211783352 39.693177674336532 12.307703947462283 1.9990599289819502 26.071944724089018 0.019372308982139094 0.49998728289843214 0.032908808434203636 10.785648586403449 -0.050881735858890824 0.99454345260910715 9.5839733222807642 0.055274905896152506 -1498715.9999999998 0.0016822438556690781 0.0037262661477428165 35.82669108065226 35.231508393026481 6.0383506543409373 112.76880675503129 86.326864722623554 7.1079753006070563 31.332068020749187 1.9058447444669702 76.927515080486032 50.425083766319538 -0.091669508262441454 0.0057910404609434404 0.014754021052898136 0.75140272671477137 10.962863349494897 20.384283168736999 3486530.0000000005 0.0012197708154182048 69.125324698179824 -0.2074556287702691 4.8104756030635683 -0.3183591721099574 10.077855908112969 0.50296639931137832
decision_type=2 2 2 2 2 2 2 2 2 2 2 2 2 2 2 2 2 2 2 2 2 2 2 2 2 2 2 2 2 2 2 2 2 2 2 2 2 2 2 2 2 2 2 2 2 2 2 2 2 2 2 2 2 2 2 2 2 2 2 2 2 2
left_child=2 3 4 5 17 48 16 10 13 -6 23 18 30 46 26 -11 -3 33 -7 20 -12 39 41 52 -25 -18 50 28 -21 37 53 -28 -33 -1 35 -35 56 -19 -14 45 -26 -17 -32 -44 -31 -22 -4 -48 -2 -36 -5 -23 -8 -9 -27 -16 57 -24 -58 60 -54 -10
right_child=1 6 8 14 9 11 7 12 61 15 19 -13 38 -15 55 22 25 29 -20 27 21 51 36 24 40 54 31 -29 -30 44 42 32 -34 34 49 -37 -38 -39 -40 -41 -42 -43 43 -45 -46 -47 47 -49 -50 -51 -52 -53 59 -55 -56 -57 58 -59 -60 -61 -62 -63
leaf_value=0.057717996170452292 0.032484200546098643 0.016967233003499435 0.02026277016361884 0.034525760300418692 0.031382105021761149 0.025438457270445792 0.067250467226369612 0.021160086532551536 0.015486310031684526 -0.073906925177922314 0.04692441666081619 0.017094442825021375 0.021229907607520884 0.022069662353900222 0.037200773004190252 0.0029870277765612066 0.042297737326370315 -0.053798599310004747 0.011997440948396231 0.060975400744378544 0.070312790503233247 0.059265229144115465 0.0027068960199930865 0.081186794461258802 0.024569657557018051 0.017808800880132068 0.010060475055666436 0.095615027282701243 0.0296894985862491 0.018567950736078413 0.049438259719769041 0.032523212505867684 0.026224065214898756 0.069455893645739133 0.015666277576843204 -0.026636043996221867 -0.0087906924218254853 0.018709289860203902 -0.031986925126754086 0.01909855798871285 0.05321828922108808 -0.0053076948865305468 0.040878063966574354 0.0046093876189643871 0.0058909661389901086 0.09125211880618303 0.016176506557555627 -0.00052744365882203441 0.021720302709523374 0.006522512281634048 0.027685300555373674 0.0060430260628874799 0.058165720567359441 0.039565686898171415 0.036392615511578179 0.02659114454435459 0.0018028788024941581 0.012114921538859543 0.019471281803782294 0.033122920113851373 0.041630783094521479 0.0082435547283209142
leaf_weight=117.09244579076767 13330.071522042155 729.71491895616055 14035.635378673673 18741.399178296328 718.87359753251076 55461.550946190953 298.35021631419659 745.50438621640205 5469.3957744687796 68.752023264765739 796.76258225739002 9210.3419947326183 241.2892931252718 33524.178053438663 17783.65109872818 7775.6195418834686 13985.233032181859 121.07300055027008 2080.1130125969648 403.52304276823997 808.54947097599506 566.45642293989658 3952.8903768658638 655.37374813854694 312.23000845313072 759.35466074943542 660.95530490577221 94.252651706337929 630.72471754252911 1371.9091431796551 3741.58973300457 10735.278490498662 14374.477388054132 29.171849638223648 13624.041351422668 244.94428686797619 955.50826568901539 65.488424867391586 115.65134558081627 56.580028802156448 1662.5461785942316 4723.1941125690937 1259.0263313353062 208.53005266189575 11026.913322150707 989.35106174647808 28060.645045444369 778.72128394246101 1845.2871401011944 2662.3291565179825 4831.0254020690918 70.777809903025627 987.96774207055569 1500.1298758089542 1353.9608899652958 1607.923869073391 7085.3900848478079 8566.9835755228996 645.02785935997963 1344.7589915841818 2779.549696162343 6266.8194056600332
leaf_count=362 43796 2499 47930 61160 2367 186067 885 2497 18923 303 2487 31637 820 113699 57495 27932 44482 504 7254 1210 2363 1713 14187 1852 1040 2580 2317 256 2056 4725 11642 35217 48047 88 47205 951 3539 224 450 189 5096 17372 4008 728 39181 2705 96856 2802 6228 9428 16035 245 2983 4810 4392 5337 25455 30064 2225 4363 8807 22063
internal_value=0.0235637 0.031551 0.0136902 0.0284361 0.00729768 0.0252218 0.0442012 0.0480053 0.0183143 0.0042635 0.0529057 0.0238683 0.0401905 0.0193429 0.0322673 0.00368627 0.0396192 0.0108741 0.0249526 0.0615674 0.0667783 0.0731268 0.00384455 0.0481476 0.0567865 0.040646 0.0306742 0.0463827 0.041896 0.00676534 0.041924 0.0284335 0.0289172 0.0139746 0.0136654 -0.0164098 0.00619748 -0.0283462 0.00398727 0.0799212 0.0486887 -0.000147477 0.0455747 0.0357245 0.00729365 0.0818353 0.0172108 0.0157255 0.0311753 0.0141715 0.0331238 0.0533538 0.0439482 0.0334554 0.0297151 0.036321 0.00690469 0.00914453 0.00327713 0.0425883 0.0459668 0.0116189
internal_weight=339650 187760 151891 150662 63755.2 81927.4 37097.7 20269.5 88135.4 34492.2 12457.8 66752 7811.72 76399.2 68734.7 33773.4 16828.3 29263 57541.7 4416.98 3288.48 2491.71 33704.6 8040.78 2630.15 16098.5 49343.1 1128.5 1034.25 12585.4 7454.78 25770.7 25109.8 16677.6 16560.5 274.116 21205.8 186.561 356.941 1854.48 1974.78 12498.8 5209.15 1467.56 12398.8 1797.9 42875 28839.4 15175.4 16286.4 23572.4 637.234 5410.63 2245.63 2113.32 19391.6 20250.3 12519.9 7730.42 5112.28 3767.52 11736.2
internal_count=1146133 617748 528385 500590 226112 274982 117158 63205 302273 123444 38250 224958 24955 261287 225608 121077 53953 102668 193321 13224 9702 7215 120774 25026 7988 51454 162776 3522 3266 44634 23685 85581 83264 58034 57672 1039 75470 728 1270 5257 6136 45304 16378 4736 43906 5068 147588 99658 50024 56633 77195 1958 17038 7307 6972 62832 71931 44251 27680 16153 11790 40986
is_linear=0
shrinkage=0.05


Tree=3
num_leaves=63
num_cat=0
split_feature=1 1 15 2 6 15 1 2 1 2 8 9 11 19 3 5 5 5 3 8 28 10 11 12 1 16 3 28 5 19 11 10 10 1 1 3 11 12 2 16 23 15 16 8 5 9 5 24 11 3 15 3 12 11 11 3 3 23 16 12 15 20
split_gain=5958.31 988.455 782.647 584.674 547.345 428.093 320.389 302.073 282.675 238.616 198.677 197.221 184.821 159.048 153.209 152.336 150.987 144.205 142.978 139.098 137.376 134.573 128.953 128.501 127.413 166.275 121.453 116.92 111.811 108.361 106.683 106.147 100.871 94.3478 91.5646 91.173 87.0864 89.8949 86.4238 86.188 91.4832 83.3949 79.93 79.6023 76.8914 74.5941 70.3296 69.4151 69.6304 68.5357 67.0854 65.2096 63.0312 65.2241 61.5991 61.2119 59.9237 58.4465 59.1235 57.7806 69.2241 56.7633
threshold=4.8104756030635683 2.7706464598784399 60.404918722830011 0.011287604649299674 -0.0036050642350933661 65.364986918622193 9.347403998509014 0.0030922908941484251 9.6931464349351284 0.0032263030287305039 0.0013049218435484667 -0.019084583642422211 15.748074134641342 6.8215756008551027 25209697.000000004 -0.8603016510879834 -0.26625177240119752 0.21782784329345392 104731.00000000001 0.0022489299015000059 12.185457681957908 38.869693314592404 32.673939989841251 69.848038606337767 0.83694234563460446 0.071040761138715658 65661124.500000007 80.112911699309663 -3.0848139663146723 15.51351307546885 49.737818968669963 33.519439040159064 36.540145277507101 1.5500475885070186 3.4144094179288196 59614060.000000007 55.156587602194996 86.722085336920387 0.0061334644329526398 0.80450131763686328 16.322724328417646 68.985409482244123 6.5805585667441866 -0.0015797797767847404 2.0591518111528293 -0.024129255630194631 0.91896944753414578 -0.016686319108967836 31.035344530640227 112155100.50000001 60.736527584579299 8184365.0000000009 88.433721774525921 29.28287295995688 15.62360134501222 3108273.5000000005 238949126.00000003 180.25468753114026 2.4021597086343509 26.245905315767089 42.338040734298303 715.51250847150925
decision_type=2 2 2 2 2 2 2 2 2 2 2 2 2 2 2 2 2 2 2 2 2 2 2 2 2 2 2 2 2 2 2 2 2 2 2 2 2 2 2 2 2 2 2 2 2 2 2 2 2 2 2 2 2 2 2 2 2 2 2 2 2 2
left_child=1 9 3 20 14 7 11 -3 17 24 18 16 -9 27 28 29 32 -4 43 26 21 45 41 33 25 -1 34 31 -5 -10 56 35 -6 -20 -14 42 37 -7 -22 40 -28 -17 44 -11 -8 -2 52 -13 -49 -24 -12 -26 53 -40 -35 -25 -19 58 -30 -36 -61 -41
right_child=2 5 8 4 6 36 13 12 15 10 50 47 19 -15 -16 22 -18 30 23 -21 38 -23 49 55 51 -27 39 -29 57 -31 -32 -33 -34 54 59 -37 -38 -39 46 61 -42 -43 -44 -45 -46 -47 -48 48 -50 -51 -52 -53 -54 -55 -56 -57 -58 -59 -60 60 -62 -63
leaf_value=-0.05774346845198456 0.036680511660462295 0.013021208798284126 0.02950149475897252 0.042305526592772383 0.08362005254002787 0.017616180162798076 0.069301658910027 0.029944522905102529 0.016136014635898956 0.008516536716226486 0.010189288156025943 0.051598238052213301 0.01968594063021363 0.041433711629614518 0.040766550531211962 0.046131674057619955 0.031443816112175726 0.021925462640166173 0.011344467669225165 0.013343158560475644 0.028787905324352738 0.018435189902480661 0.027048723956803591 0.016148228739726152 0.012097060046500012 0.0014740312942011478 0.039973458644477572 0.039124066519617952 0.030393057914857809 -0.058606268862282998 0.011670212965845941 0.043158677264218341 0.029476147619097934 0.021922977498235793 0.020634181155824022 0.048501088009469819 -0.0040847371900136573 0.010196675767026587 0.038031873004868044 0.039268766206695005 0.019660160899060274 0.032029168487767254 0.093458359001219612 0.020360983359402729 0.012762879103052441 0.025768058235502957 0.026053813339925298 0.039023900152503121 0.027367178744113735 0.040882364974409557 -0.00058255693454285187 0.0065730418301531025 0.01912996506323366 0.032054039795419577 0.0161930616817887 0.00843195114798179 0.040399404056170353 0.023400774145765885 0.046580649319636167 0.030069945712527964 0.023598694931552752 -0.025976652979693496
leaf_weight=153.16107252240181 2488.8228709995747 8615.3008178770542 6569.5007080882788 1972.2931384295225 543.66706329584122 8521.18799687922 2225.5798676759005 8278.2679981142282 139.31410473585129 1533.7217840105295 5281.1649531573057 732.61757472157478 25562.931587412953 1430.1526551991701 5813.5472869873047 2311.0413473248482 286.53851619362831 20512.017773136497 8806.3830934911966 4299.5139459222555 14298.187535971403 4239.352754548192 6740.9921489208937 3431.6537180840969 14676.86747302115 524.42394214868546 738.6192362755537 546.38806214928627 9472.2303060591221 74.385319471359253 2648.245312705636 528.51859596371651 102.19071052968502 5646.2720203399658 12494.74350503087 532.96742597222328 689.02417428791523 7837.3557072132826 10243.721989363432 1967.761490136385 2220.7405132353306 1918.5876077860594 349.1449272185564 18885.713217675686 61.804600745439529 4223.6550964415073 2583.6705407500267 3984.2153245806694 1888.2767801433802 1032.4623971283436 1990.0547530502081 8400.1609662771225 617.5252081155777 8228.5338376760483 27708.990117371082 10237.885294497013 448.55358505249023 2994.5010563582182 599.79069255292416 4973.2809494286776 24446.722680151463 33.910033777356148
leaf_count=658 7979 29827 21573 6191 1493 29071 6398 27152 470 5358 18441 2233 86549 4479 18305 7193 927 68819 30724 14789 47029 14291 22187 11774 51117 1889 2354 1720 30760 310 9164 1640 331 19048 42109 1633 2489 27333 32682 6289 7498 6208 931 63988 209 13978 8534 12655 6178 3257 7147 29766 2069 26712 94970 35894 1425 9933 1849 16315 81712 127
internal_value=0.022271 0.0173007 0.031051 0.0339322 0.0389183 0.0206157 0.0468807 0.0219426 0.025547 0.0138806 0.0151382 0.0401249 0.0228466 0.0558544 0.0338734 0.0319639 0.0616514 0.0229493 0.0158912 0.0220809 0.0303125 0.0254094 0.0327089 0.0145818 0.00945882 -0.0119115 0.0225995 0.0607134 0.0312087 -0.00988057 0.0211261 0.0639033 0.0750531 0.0159477 0.0220444 0.0673625 0.0133281 0.0140615 0.0318053 0.0301502 0.0247301 0.0397347 0.0711753 0.0194713 0.067774 0.0298141 0.0337959 0.0370862 0.0352757 0.0288861 0.00724115 0.0100863 0.0348437 0.035369 0.017163 0.0103691 0.0223208 0.0295337 0.031357 0.0234828 0.0246926 0.0381635
internal_weight=341339 217956 123383 80987.9 34064.4 110679 13212.1 93631.8 42395.1 107276 83521.8 7537.51 85016.5 5674.56 20852.4 12216.8 932.396 30178.3 76250.6 76738.2 46923.5 10951.8 12003.1 55831.2 23754.6 677.585 72438.7 4244.4 15038.8 213.699 23608.8 3698.02 645.858 42161.6 67477.7 3169.5 17047.6 16358.5 35971.6 4961.03 2959.36 4229.63 2636.53 20419.4 2287.38 6712.48 21673.5 6605.11 5872.49 7773.45 7271.22 23077 19089.8 18472.3 33355.3 13669.5 20960.6 13066.5 10072 41914.7 29420 2001.67
internal_count=1146133 744388 401745 261139 107865 373614 40827 314721 140606 370774 287344 23817 284894 17010 67038 39625 2751 100981 261756 257742 153274 36248 38845 192410 83430 2547 242953 12531 48733 780 79408 10811 1824 144742 226685 9171 58893 56404 117026 16268 9852 13401 7538 69346 6607 21957 69997 21066 18833 25444 25588 80883 61463 59394 114018 47668 70244 42542 32609 140136 98027 6416
is_linear=0
shrinkage=0.05


Tree=4
num_leaves=63
num_cat=0
split_feature=0 0 0 0 6 13 0 4 3 14 11 2 2 19 3 16 19 4 7 0 14 7 14 0 0 6 18 14 28 0 3 4 0 2 3 16 13 5 11 18 14 1 5 17 11 16 16 6 9 4 7 17 4 7 19 14 2 11 14 5 4 29
split_gain=8853.74 2575.42 1252.72 700.694 254.979 518.132 321.293 238.198 236.173 197.143 190.226 188.252 184.651 161.865 158.031 148.416 123.022 132.26 119.624 118.685 135.608 114.208 111.426 110.512 109.743 116.507 108.654 108.558 106.797 104.909 108.889 104.682 100.659 95.0515 94.4878 91.2925 83.5477 82.2633 79.5443 77.9358 109.9 77.4543 105.736 75.2262 75.0631 74.713 74.4536 74.1245 76.6024 75.6677 79.7763 73.7143 73.5484 68.3779 67.7215 67.1824 65.101 65.083 65.0155 64.6742 63.8419 62.3768
threshold=0.0070656668390691822 0.014567754922522042 0.005640077282989279 0.0094976048269925107 -0.0086568898854185086 0.70576994757659228 0.019585441737982327 18.873344309498645 3486530.0000000005 15.051386386037802 19.9200776413408 0.0093544467752066981 0.012083335615329519 19.930480911389207 45897865.000000007 0.055274905896152506 6.8215756008551027 28.533144108276932 49.182250298824343 0.0035405425563771234 11.850444933416457 26.413064521897947 132.18352880817412 0.0060285175431983593 0.0047478132211783352 0.041271031170168067 69.685559069686107 465.08954254477788 86.326864722623554 0.038106637808777773 -11132014.499999998 13.029555193494302 0.021571236062856981 0.021203979417302819 34312302.500000007 1.0609298243365537 0.59400083633878131 -0.066400373010185268 18.132631949541224 30.898376340874062 34.143730813685316 9.5160763718563288 0.41210399025551248 -0.2074556287702691 17.940569103852678 2.3245341704431968 0.66980478655804732 0.15086408823715711 -0.050881735858890824 11.32960886139419 63.832424119956571 1.7194196988482988 16.075278329147398 35.487471926024391 -18.839656550690162 30.551195193686777 0.0076327185491681217 15.999392899297753 409.43205347949839 0.023194057166858371 20.885323267394224 0.9506962178369569
decision_type=2 2 2 2 2 2 2 2 2 2 2 2 2 2 2 2 2 2 2 2 2 2 2 2 2 2 2 2 2 2 2 2 2 2 2 2 2 2 2 2 2 2 2 2 2 2 2 2 2 2 2 2 2 2 2 2 2 2 2 2 2 2
left_child=2 3 8 7 29 6 -6 36 19 -10 -8 23 18 26 21 -11 17 34 55 20 -1 22 33 51 43 -26 -7 31 41 30 60 -21 -15 35 45 38 -2 -34 -5 -33 44 42 -28 -17 -41 -12 -16 48 -23 -50 -51 61 -24 -43 -32 -9 -44 -25 -42 -59 -3 -4
right_child=1 4 11 14 5 13 10 12 9 15 16 -13 -14 32 46 24 -18 -19 -20 27 -22 47 52 57 25 -27 28 -29 -30 -31 54 39 37 -35 -36 -37 -38 -39 -40 40 58 53 56 -45 -46 -47 -48 -49 49 50 -52 -53 -54 -55 -56 -57 -58 59 -60 -61 -62 -63
leaf_value=-0.035668300754787649 0.026784444304665485 0.029810501076538078 0.011972713729806175 0.037052474676325733 0.041683009075171036 0.041577938887686558 0.037753809115952025 0.027140633186085068 0.030519134972317535 -0.070932203831168175 0.067110958649997748 0.0091349830988306773 0.013700884404128245 0.025129931345779684 0.028697583281497518 -0.010100680532900821 0.046098327307529448 0.041367727298393976 0.0098581485579125119 -0.0013917197159369447 0.0031343522673468781 0.012258368329543736 0.036710094100047191 0.023013104668067656 0.0079039047777016268 0.00013199148362819007 0.039325369303815166 0.00037816140172374326 0.022104603532636678 0.053829921865820335 0.016594254848034749 0.019816871603433345 -0.046166601751831716 0.020266038945390859 0.054452939965171393 0.040219635751115396 0.014406577665859309 0.044264844967989533 0.028682789044212127 0.021076347761345027 0.01117156021246367 0.051673843990825988 -0.029083055946884574 0.00092102130114740405 -0.013761181763300212 0.084090961830617608 0.037894779006184126 0.021989128109122069 0.035003863150482657 0.026813736484117636 -0.016584155738064418 0.0013021027750134556 0.024997384411529062 0.029927363675530363 0.036360988889866934 0.021336484588378661 0.019161316228220447 0.019428391203934435 0.025979785489324739 0.015460241471197398 0.012563289151085514 0.018083257844077584
leaf_weight=282.44889025390148 24395.225592300296 1749.2380804419518 11186.383043691516 4240.0150179564953 4860.4044257551432 5213.3194498866796 856.40234397351742 5559.0346383005381 658.37179231643677 67.939289629459381 1373.66795784235 9473.2817657887936 8842.0866810083389 212.0698439180851 3432.2612161636353 1808.7373206913471 836.50931064784527 434.18339838087559 2131.4808643311262 1549.6654468327761 1110.2207679748535 828.11522097885609 1515.4678513556719 5639.1962591707706 13986.240626960993 7359.462097004056 974.523452475667 2547.8052904456854 1947.6989009380341 702.45448146760464 446.86093658208847 2825.1086571514606 124.0038848221302 1482.4819101840258 702.58636692166328 3859.2679972052574 1443.9661367535591 31.545755252242088 8589.8580483198166 198.17723640799522 19449.729405775666 1103.2698000967503 80.392894133925438 10745.522291228175 703.53640003502369 1226.0320871025324 6131.3674595206976 9758.632697314024 3091.3101221323013 18986.81683011353 106.48920984566212 1170.5888331085443 11594.86362683773 537.62065014243126 14286.771537989378 48332.950936466455 537.04091082513332 19026.803057730198 770.5939623862505 22306.240095794201 773.93886063992977 6664.6480645686388
leaf_count=1151 80001 5592 38554 13451 15042 16178 2657 18249 2134 312 3885 32980 30246 693 11090 6686 2536 1335 7396 5555 3951 2838 4824 18847 49202 26406 3047 9125 6381 2097 1483 9557 504 4912 2075 12146 4904 98 27836 670 67487 3325 299 38704 2603 3267 19354 32311 9865 62035 386 4146 38027 1726 44957 161280 1783 64107 2569 76047 2583 22646
internal_value=0.0210604 0.0277163 0.0113611 0.0249745 0.0392654 0.042999 0.0510211 0.0220331 0.00621905 0.0034199 0.0593805 0.0157262 0.0204159 0.0353286 0.0285987 0.00289466 0.0634307 0.067311 0.0214757 0.00951161 -0.00473526 0.0277036 0.0298645 0.0166723 0.00304262 0.00522434 0.0364819 0.0102191 0.0313536 0.0348889 0.0341179 0.0112025 0.00272246 0.0323992 0.070722 0.033477 0.0260927 -0.0278269 0.0314488 0.0120175 0.0109743 0.0369258 0.0290685 -0.000666915 -0.00610464 0.0751188 0.034594 0.0256408 0.0271893 0.0277467 0.0265717 0.013457 0.0263513 0.0445488 0.0357615 0.0219352 0.0128797 0.0179743 0.0117359 0.0172869 0.0245202 0.0142541
internal_weight=342863 203332 139531 164322 39010.5 21051.3 10289.8 90704.7 64063.6 34626.3 5429.38 75467.1 64865.6 10761.5 73616.9 33967.9 4572.98 3736.47 56023.5 29437.3 1392.67 64053.3 31282 65993.9 33900 21345.7 10393.9 28044.6 5180.55 17959.3 17256.8 25496.8 367.619 18171.6 3302.29 16689.1 25839.2 155.55 12829.9 23947.1 21122 3232.85 1591.96 12554.3 901.714 2599.7 9563.63 32771.4 23012.7 22184.6 19093.3 19021.6 13110.3 1640.89 14733.6 53892 617.434 46972.2 20220.3 41333 2523.18 17851
internal_count=1146133 662694 483439 541151 121543 64831 30797 302076 226112 123444 15755 257327 217171 34034 239075 121310 13098 10562 186925 102668 5102 208631 101196 224347 120998 75608 32739 97566 16561 56712 54615 88441 1295 58345 9227 53433 84905 602 41287 82886 73329 10180 5129 45390 3273 7152 30444 107435 75124 72286 62421 65346 42851 5051 46440 179529 2082 159001 70056 140154 8175 61200
is_linear=0
shrinkage=0.05


end of trees

feature_importances:
atr_pct=40
OBV=27
MACDs_12_26_9=24
ADXR_14_2=23
EMA_50=18
DMP_14=17
BBB_20_2.0_2.0=16
hl_ratio=16
gap=14
ATRr_14=14
STOCHh_14_3_3=12
ADX_14=11
BBU_20_2.0_2.0=11
RSI_14=8
DMN_14=7
ret_6=6
STOCHd_14_3_3=6
BBP_20_2.0_2.0=6
MACD_12_26_9=6
price_to_ema21=6
MACDh_12_26_9=4
BBL_20_2.0_2.0=4
STOCHk_14_3_3=4
EMA_9=3
ret_3=2
BBM_20_2.0_2.0=2
EMA_21=1
close_pos=1
vol_ratio=1

parameters:
[boosting: gbdt]
[objective: binary]
[metric: binary_logloss]
[tree_learner: serial]
[device_type: cpu]
[data_sample_strategy: bagging]
[data: ]
[valid: ]
[num_iterations: 1000]
[learning_rate: 0.05]
[num_leaves: 63]
[num_threads: -1]
[seed: 0]
[deterministic: 0]
[force_col_wise: 0]
[force_row_wise: 0]
[histogram_pool_size: -1]
[max_depth: -1]
[min_data_in_leaf: 20]
[min_sum_hessian_in_leaf: 0.001]
[bagging_fraction: 0.8]
[pos_bagging_fraction: 1]
[neg_bagging_fraction: 1]
[bagging_freq: 5]
[bagging_seed: 3]
[bagging_by_query: 0]
[feature_fraction: 0.8]
[feature_fraction_bynode: 1]
[feature_fraction_seed: 2]
[extra_trees: 0]
[extra_seed: 6]
[early_stopping_round: 0]
[early_stopping_min_delta: 0]
[first_metric_only: 0]
[max_delta_step: 0]
[lambda_l1: 0]
[lambda_l2: 0]
[linear_lambda: 0]
[min_gain_to_split: 0]
[drop_rate: 0.1]
[max_drop: 50]
[skip_drop: 0.5]
[xgboost_dart_mode: 0]
[uniform_drop: 0]
[drop_seed: 4]
[top_rate: 0.2]
[other_rate: 0.1]
[min_data_per_group: 100]
[max_cat_threshold: 32]
[cat_l2: 10]
[cat_smooth: 10]
[max_cat_to_onehot: 4]
[top_k: 20]
[monotone_constraints: ]
[monotone_constraints_method: basic]
[monotone_penalty: 0]
[feature_contri: ]
[forcedsplits_filename: ]
[refit_decay_rate: 0.9]
[cegb_tradeoff: 1]
[cegb_penalty_split: 0]
[cegb_penalty_feature_lazy: ]
[cegb_penalty_feature_coupled: ]
[path_smooth: 0]
[interaction_constraints: ]
[verbosity: -1]
[saved_feature_importance_type: 0]
[use_quantized_grad: 0]
[num_grad_quant_bins: 4]
[quant_train_renew_leaf: 0]
[stochastic_rounding: 1]
[linear_tree: 0]
[max_bin: 255]
[max_bin_by_feature: ]
[min_data_in_bin: 3]
[bin_construct_sample_cnt: 200000]
[data_random_seed: 1]
[is_enable_sparse: 1]
[enable_bundle: 1]
[use_missing: 1]
[zero_as_missing: 0]
[feature_pre_filter: 1]
[pre_partition: 0]
[two_round: 0]
[header: 0]
[label_column: ]
[weight_column: ]
[group_column: ]
[ignore_column: ]
[categorical_feature: ]
[forcedbins_filename: ]
[precise_float_parser: 0]
[parser_config_file: ]
[objective_seed: 5]
[num_class: 1]
[is_unbalance: 1]
[scale_pos_weight: 1]
[sigmoid: 1]
[boost_from_average: 1]
[reg_sqrt: 0]
[alpha: 0.9]
[fair_c: 1]
[poisson_max_delta_step: 0.7]
[tweedie_variance_power: 1.5]
[lambdarank_truncation_level: 30]
[lambdarank_norm: 1]
[label_gain: ]
[lambdarank_position_bias_regularization: 0]
[eval_at: ]
[multi_error_top_k: 1]
[auc_mu_weights: ]
[num_machines: 1]
[local_listen_port: 12400]
[time_out: 120]
[machine_list_filename: ]
[machines: ]
[gpu_platform_id: -1]
[gpu_device_id: -1]
[gpu_use_dp: 0]
[num_gpu: 1]

end of parameters

pandas_categorical:[]
