tree
version=v4
num_class=1
num_tree_per_iteration=1
label_index=0
max_feature_idx=29
objective=binary sigmoid:1
feature_names=hl_ratio BBL_20_2.0_2.0 ATRr_14 spy_ret_1 EMA_50 ret_3 OBV hv_node_dist BBU_20_2.0_2.0 BBP_20_2.0_2.0 vb_dist ret_20 vwap_dist DMP_14 ADXR_14_2 vol_ratio vol_ratio_5 ret_1 ret_6 gap close_pos BBM_20_2.0_2.0 BBB_20_2.0_2.0 ADX_14 DMN_14 EMA_9 EMA_21 price_to_ema21 ema_cross orb_break_up
feature_infos=[0:0.3281528572093263] [-8.6410855009856817:1205.3991461934495] [0.0093371696121754173:18.379465374036432] [-0.011565128389148138:0.0097932105625069266] [0.556740105702484:1202.9154464278411] [-0.63558549139503606:0.64425289962893029] [-257418228:1332464261] [-0.59109568112853461:2.2274194906831988] [0.55928305496774933:1234.4364420575575] [-0.4329286850719703:1.4984875762573957] [-0.3182307644482486:0.14119875120069508] [-0.65788940987838396:3.8361584812763292] [-0.12758269048811957:0.35269955006621473] [1.3355676321880579:77.314399543566779] [6.4108056938305857:81.865089245389271] [0:9.5589533879779083] [0:4.8017976932660078] [-0.12905616934436726:0.20695972647363203] [-0.63530454452640583:3.3670716972623236] [-0.062608718861181842:0.071956541449820999] [0:0.99999999992576116] [0.53911849260330202:1215.7877441406249] [0.062715284062251159:327.45462462697003] [6.3266754970897399:82.884659660220223] [1.0087206784613094:77.646136303018579] [0.53439218438843072:1216.4469651614309] [0.53958967731691443:1211.2074023277651] [0.45817000338242087:1.9582760634502323] [0:1] [0:1]
tree_sizes=6756

Tree=0
num_leaves=63
num_cat=0
split_feature=0 0 0 22 4 22 1 22 18 1 25 4 1 13 22 8 22 22 9 24 13 4 0 24 22 15 9 24 5 22 13 1 14 13 22 13 8 23 22 13 24 4 7 12 9 9 4 15 3 3 3 5 14 11 9 22 7 11 3 15 7 24
split_gain=1.63727e+06 207058 117814 80612.7 40716.4 40665.9 33731.8 32315.8 24586.9 23029.2 19072.2 16002.3 11784.4 11383.3 11087.6 9654.83 9630.12 9591.32 9394.71 9037 14183.6 9019.35 8919.01 8717.45 8280.27 8058.05 6412.79 7031.35 6123.84 6116.06 6317.1 5875.52 5629.77 5534.99 5445.97 5428.4 5100.64 5066.76 5722.7 5324.33 5606.89 6068.73 4934.04 4925.36 7979.73 4760.74 4917.03 4759.18 4746.02 20644.9 5626.69 4675.5 4628.24 4610.41 4604.64 4371.34 4280.73 4236.05 4110.85 4110.55 4078.43 3996.96
threshold=0.0094963444020557865 0.016224081249054004 0.0065715826640499351 6.3496891126083446 35.386322071448653 6.2430521302101409 4.0504788499603555 10.535107417765078 0.011155439056934615 8.7931762056470912 25.816637037522685 35.386322071448653 60.787673726106711 36.371275738997035 7.499171511147666 6.9737454346366219 3.1490170258945498 2.7205134409069327 0.22140907308530303 24.416986424202459 28.339449622186503 106.40808487322708 0.003167919792370803 34.876559935930196 3.9077482906846308 1.5054925284610958 0.5853058194079529 20.964616523398316 0.0053334052246345473 11.455933743214873 10.119893195931498 3.6877095685784416 18.547456334426037 30.682800294101849 5.756632800755467 37.971079738847841 111.34434835245473 18.011667868052825 14.148707575632933 37.673659200568927 32.682067993605834 72.317454488306637 0.10066281537625994 -0.0084002241617050881 0.40345423952378995 0.71472764150443913 463.85623490846757 0.80122222947543764 -0.00051520022625034512 -0.0004969945518585871 -0.00050586853531586751 0.010495811721192074 33.368962073154471 0.067513630329089871 0.44816080011099879 23.229671412168745 0.2543930052003891 -0.090496358496332294 -0.0075085095668236948 1.1834405821626055 0.2543930052003891 36.110702613257878
decision_type=2 2 2 2 2 2 2 2 2 2 2 2 2 2 2 2 2 2 2 2 2 2 2 2 2 2 2 2 2 2 2 2 2 2 2 2 2 2 2 2 2 2 2 2 2 2 2 2 2 2 2 2 2 2 2 2 2 2 2 2 2 2
left_child=2 3 6 9 29 15 -1 11 14 52 31 -3 55 17 22 -4 59 -10 -17 20 -18 37 -8 35 25 56 -19 34 47 30 -5 -7 -16 -26 45 43 -29 -6 39 40 -39 -42 54 -12 -45 -28 -47 -21 -24 50 -50 -51 -2 -15 -23 -9 -20 -25 -13 -11 -34 -33
right_child=1 7 5 4 21 10 8 12 13 16 23 58 -14 53 32 18 19 26 24 28 -22 42 48 57 33 -27 27 36 -30 -31 -32 61 60 -35 -36 -37 -38 38 -40 -41 41 -43 -44 44 -46 46 -48 -49 49 51 -52 -53 -54 -55 -56 -57 -58 -59 -60 -61 -62 -63
leaf_value=-2.2061850295541694 -2.2579145247449537 -2.0417423292359387 -2.5904321404356558 -3.55064813118471 -2.068302455114758 -2.0065891279400461 -3.6345212903283444 -1.8896953278188211 -3.4871498868439641 -3.3554623727072013 -2.3155456378700432 -3.2127319244625285 -2.2341327002385771 -3.59391578069833 -2.2959469873121354 -3.390456905775816 -2.502479822438838 -3.3944059142687935 -3.3256787136731121 -3.419184379545495 -3.0421103331115731 -3.3060277677738665 -3.5354365971297597 -2.7694875458129276 -2.8559683403533427 -2.8828768551014288 -2.5677999904995579 -2.5032609490033209 -2.6224068833885967 -2.0193671317222939 -2.2132497171736718 -2.45680678316976 -3.2441328503908973 -3.2177568301932844 -2.690145192969978 -3.1700854803216241 -3.2270782765592303 -2.469174617665443 -2.2640350401212634 -3.2290959294683113 -3.4310760114828787 -2.533409335803344 -2.4678675438935365 -3.2183377238463402 -2.6602008066904901 -3.3204950521319079 -2.4345204466606676 -2.9706086414260953 -3.3558340937813309 -3.4378514901366533 -1.9868154500777737 -3.0349457992432787 -3.13721340989835 -2.9984221061219487 -2.7557342857528582 -1.7571687584360425 -2.1272477196002271 -3.535208965997672 -2.3618456044988676 -2.9155169728899568 -2.0322196281852132 -3.0717751734692746
leaf_weight=59.616917543113232 204.08647931553423 1036.6492581348866 82.300874000415206 8.9359446428716165 67.011580016463995 69.390172464773059 766.01565019786358 1733.6852162200958 112.46067885681987 131.55081264488399 62.631319809705019 14.625417429953812 206.35104173608124 175.40525418147445 18.261098520830274 312.9811177700758 363.70548475719988 80.376638578251004 473.83389396034181 91.547571765258908 183.05405294150114 69.904672496020794 881.0083075594157 24.719207625836134 430.08523596450686 146.09353700838983 29.214749056845903 128.92488030530512 77.368008930236101 646.80129461921751 741.24247075244784 266.15265377238393 228.25680714286864 140.17298988439143 80.245575163513422 81.663301097229123 30.003433043137193 278.19297350756824 147.14864182658494 33.876444453373551 35.484893443062901 40.110758980736136 58.759559595957398 84.928569424897432 260.36217481084168 193.72424925863743 17.037593288347125 166.97581902705133 9.7529513090848905 1640.0751784034073 32.568739013746381 75.311202952638268 16.149410268291831 39.895978722721338 83.328395446762443 970.56800402887166 7.5703426469117394 67.063192065805197 482.08096664398909 89.023128964006901 7.15983454696834 29.334039814770222
leaf_count=777 2866 10183 1690 351 693 634 31343 11884 4278 4666 950 478 2802 7038 270 11315 6844 2912 16531 3361 5373 2412 34344 594 11061 3834 587 2428 1637 6071 9763 4771 7600 4595 1804 2601 989 5054 2084 1118 1311 779 1066 2785 5701 6739 298 4668 346 60810 285 2200 504 1137 1980 4142 87 2614 7748 2393 69 878
internal_value=-2.68727 -2.19494 -3.23703 -2.48057 -2.29581 -2.9636 -3.3878 -1.96779 -3.4033 -2.7892 -2.70398 -2.15355 -1.86992 -3.16717 -3.46056 -3.11781 -2.88239 -3.0658 -3.14654 -2.80854 -2.68315 -2.57695 -3.48432 -2.88181 -3.0828 -3.20813 -2.98112 -2.91179 -3.01266 -2.13204 -2.22918 -2.42063 -3.14167 -2.9449 -3.04672 -2.79798 -2.63991 -2.47815 -2.52951 -2.63027 -2.57294 -2.95478 -2.8574 -2.72349 -2.79748 -3.16596 -3.24887 -3.12946 -3.44072 -3.39325 -2.3023 -3.42016 -2.32239 -3.48357 -3.00678 -1.84213 -3.30683 -3.32898 -2.3869 -3.1779 -3.20727 -2.51786
internal_weight=15122.8 7978.22 7144.6 3534.26 2210.8 2539.28 4605.32 4443.96 4545.7 1323.46 946.245 1533.36 2910.6 887.289 3658.41 1593.04 1103.22 671.988 1510.74 882.651 546.76 813.818 3404.73 581.368 1197.76 627.498 559.527 479.15 335.891 1396.98 750.178 364.877 253.678 570.258 320.222 489.585 158.928 601.825 534.814 387.665 353.789 75.5957 211.993 407.922 345.291 239.977 210.762 258.523 2638.72 1757.71 42.3217 1715.39 220.236 215.301 153.233 2704.25 481.404 91.7824 496.706 220.574 235.417 295.487
internal_count=339126 102231 236895 64994 32682 70641 166254 37237 165477 32312 21528 18409 18828 28210 137267 49113 28942 20035 47423 21883 12217 16497 129328 15245 36108 20452 15757 12845 9666 16185 10114 6283 7939 15656 9428 12037 3417 11039 10346 8262 7144 2090 5458 9436 8486 7624 7037 8029 97985 63641 631 63010 3370 8175 4392 16026 16618 3208 8226 7059 7669 5649
is_linear=0
shrinkage=1


end of trees

feature_importances:
BBB_20_2.0_2.0=11
DMP_14=6
EMA_50=5
BBP_20_2.0_2.0=5
DMN_14=5
hl_ratio=4
BBL_20_2.0_2.0=4
spy_ret_1=4
hv_node_dist=3
vol_ratio=3
ret_3=2
BBU_20_2.0_2.0=2
ret_20=2
ADXR_14_2=2
vwap_dist=1
ret_6=1
ADX_14=1
EMA_9=1

parameters:
[boosting: gbdt]
[objective: binary]
[metric: binary_logloss]
[tree_learner: serial]
[device_type: cpu]
[data_sample_strategy: bagging]
[data: ]
[valid: ]
[num_iterations: 1000]
[learning_rate: 0.05]
[num_leaves: 63]
[num_threads: -1]
[seed: 0]
[deterministic: 0]
[force_col_wise: 0]
[force_row_wise: 0]
[histogram_pool_size: -1]
[max_depth: -1]
[min_data_in_leaf: 20]
[min_sum_hessian_in_leaf: 0.001]
[bagging_fraction: 0.8]
[pos_bagging_fraction: 1]
[neg_bagging_fraction: 1]
[bagging_freq: 5]
[bagging_seed: 3]
[bagging_by_query: 0]
[feature_fraction: 0.8]
[feature_fraction_bynode: 1]
[feature_fraction_seed: 2]
[extra_trees: 0]
[extra_seed: 6]
[early_stopping_round: 0]
[early_stopping_min_delta: 0]
[first_metric_only: 0]
[max_delta_step: 0]
[lambda_l1: 0]
[lambda_l2: 0]
[linear_lambda: 0]
[min_gain_to_split: 0]
[drop_rate: 0.1]
[max_drop: 50]
[skip_drop: 0.5]
[xgboost_dart_mode: 0]
[uniform_drop: 0]
[drop_seed: 4]
[top_rate: 0.2]
[other_rate: 0.1]
[min_data_per_group: 100]
[max_cat_threshold: 32]
[cat_l2: 10]
[cat_smooth: 10]
[max_cat_to_onehot: 4]
[top_k: 20]
[monotone_constraints: ]
[monotone_constraints_method: basic]
[monotone_penalty: 0]
[feature_contri: ]
[forcedsplits_filename: ]
[refit_decay_rate: 0.9]
[cegb_tradeoff: 1]
[cegb_penalty_split: 0]
[cegb_penalty_feature_lazy: ]
[cegb_penalty_feature_coupled: ]
[path_smooth: 0]
[interaction_constraints: ]
[verbosity: -1]
[saved_feature_importance_type: 0]
[use_quantized_grad: 0]
[num_grad_quant_bins: 4]
[quant_train_renew_leaf: 0]
[stochastic_rounding: 1]
[linear_tree: 0]
[max_bin: 255]
[max_bin_by_feature: ]
[min_data_in_bin: 3]
[bin_construct_sample_cnt: 200000]
[data_random_seed: 1]
[is_enable_sparse: 1]
[enable_bundle: 1]
[use_missing: 1]
[zero_as_missing: 0]
[feature_pre_filter: 1]
[pre_partition: 0]
[two_round: 0]
[header: 0]
[label_column: ]
[weight_column: ]
[group_column: ]
[ignore_column: ]
[categorical_feature: ]
[forcedbins_filename: ]
[precise_float_parser: 0]
[parser_config_file: ]
[objective_seed: 5]
[num_class: 1]
[is_unbalance: 1]
[scale_pos_weight: 1]
[sigmoid: 1]
[boost_from_average: 1]
[reg_sqrt: 0]
[alpha: 0.9]
[fair_c: 1]
[poisson_max_delta_step: 0.7]
[tweedie_variance_power: 1.5]
[lambdarank_truncation_level: 30]
[lambdarank_norm: 1]
[label_gain: ]
[lambdarank_position_bias_regularization: 0]
[eval_at: ]
[multi_error_top_k: 1]
[auc_mu_weights: ]
[num_machines: 1]
[local_listen_port: 12400]
[time_out: 120]
[machine_list_filename: ]
[machines: ]
[gpu_platform_id: -1]
[gpu_device_id: -1]
[gpu_use_dp: 0]
[num_gpu: 1]

end of parameters

pandas_categorical:[]
